"","X","Object.Number","Area_M01","Area_M02","Area_M03","Area_M04","Area_M05","Area_M06","Area_M07","Area_M08","Area_M09","Area_M10","Area_M11","Area_M12","Area_MC","Height_M01","Height_M02","Height_M03","Height_M04","Height_M05","Height_M06","Height_M07","Height_M08","Height_M09","Height_M10","Height_M11","Height_M12","Length_M01","Length_M02","Length_M03","Length_M04","Length_M05","Length_M06","Length_M07","Length_M08","Length_M09","Length_M10","Length_M11","Length_M12","Width_M01","Width_M02","Width_M03","Width_M04","Width_M05","Width_M06","Width_M07","Width_M08","Width_M09","Width_M10","Width_M11","Width_M12","Aspect.Ratio.Intensity_M01_Ch01","Aspect.Ratio.Intensity_M02_Ch02","Aspect.Ratio.Intensity_M03_Ch03","Aspect.Ratio.Intensity_M04_Ch04","Aspect.Ratio.Intensity_M05_Ch05","Aspect.Ratio.Intensity_M06_Ch06","Aspect.Ratio.Intensity_M07_Ch07","Aspect.Ratio.Intensity_M08_Ch08","Aspect.Ratio.Intensity_M09_Ch09","Aspect.Ratio.Intensity_M10_Ch10","Aspect.Ratio.Intensity_M11_Ch11","Aspect.Ratio.Intensity_M12_Ch12","Aspect.Ratio_M01","Aspect.Ratio_M02","Aspect.Ratio_M03","Aspect.Ratio_M04","Aspect.Ratio_M05","Aspect.Ratio_M06","Aspect.Ratio_M07","Aspect.Ratio_M08","Aspect.Ratio_M09","Aspect.Ratio_M10","Aspect.Ratio_M11","Aspect.Ratio_M12","Bright.Detail.Intensity.R3_MC_Ch01","Bright.Detail.Intensity.R3_MC_Ch02","Bright.Detail.Intensity.R3_MC_Ch03","Bright.Detail.Intensity.R3_MC_Ch04","Bright.Detail.Intensity.R3_MC_Ch05","Bright.Detail.Intensity.R3_MC_Ch06","Bright.Detail.Intensity.R3_MC_Ch07","Bright.Detail.Intensity.R3_MC_Ch08","Bright.Detail.Intensity.R3_MC_Ch09","Bright.Detail.Intensity.R3_MC_Ch10","Bright.Detail.Intensity.R3_MC_Ch11","Bright.Detail.Intensity.R3_MC_Ch12","Contrast_M01_Ch01","Contrast_M02_Ch02","Contrast_M03_Ch03","Contrast_M04_Ch04","Contrast_M05_Ch05","Contrast_M06_Ch06","Contrast_M07_Ch07","Contrast_M08_Ch08","Contrast_M09_Ch09","Contrast_M10_Ch10","Contrast_M11_Ch11","Contrast_M12_Ch12","Gradient.RMS_M01_Ch01","Gradient.RMS_M02_Ch02","Gradient.RMS_M03_Ch03","Gradient.RMS_M04_Ch04","Gradient.RMS_M05_Ch05","Gradient.RMS_M06_Ch06","Gradient.RMS_M07_Ch07","Gradient.RMS_M08_Ch08","Gradient.RMS_M09_Ch09","Gradient.RMS_M10_Ch10","Gradient.RMS_M11_Ch11","Gradient.RMS_M12_Ch12","Modulation_M01_Ch01","Modulation_M02_Ch02","Modulation_M03_Ch03","Modulation_M04_Ch04","Modulation_M05_Ch05","Modulation_M06_Ch06","Modulation_M07_Ch07","Modulation_M08_Ch08","Modulation_M09_Ch09","Modulation_M10_Ch10","Modulation_M11_Ch11","Modulation_M12_Ch12","Bkgd.Mean_Ch01","Bkgd.Mean_Ch02","Bkgd.Mean_Ch03","Bkgd.Mean_Ch04","Bkgd.Mean_Ch05","Bkgd.Mean_Ch06","Bkgd.Mean_Ch07","Bkgd.Mean_Ch08","Bkgd.Mean_Ch09","Bkgd.Mean_Ch10","Bkgd.Mean_Ch11","Bkgd.Mean_Ch12","Intensity_MC_Ch01","Intensity_MC_Ch02","Intensity_MC_Ch03","Intensity_MC_Ch04","Intensity_MC_Ch05","Intensity_MC_Ch06","Intensity_MC_Ch07","Intensity_MC_Ch08","Intensity_MC_Ch09","Intensity_MC_Ch10","Intensity_MC_Ch11","Intensity_MC_Ch12","Max.Pixel_MC_Ch01","Max.Pixel_MC_Ch02","Max.Pixel_MC_Ch03","Max.Pixel_MC_Ch04","Max.Pixel_MC_Ch05","Max.Pixel_MC_Ch06","Max.Pixel_MC_Ch07","Max.Pixel_MC_Ch08","Max.Pixel_MC_Ch09","Max.Pixel_MC_Ch10","Max.Pixel_MC_Ch11","Max.Pixel_MC_Ch12","Mean.Pixel_M01_Ch01","Mean.Pixel_M02_Ch02","Mean.Pixel_M03_Ch03","Mean.Pixel_M04_Ch04","Mean.Pixel_M05_Ch05","Mean.Pixel_M06_Ch06","Mean.Pixel_M07_Ch07","Mean.Pixel_M08_Ch08","Mean.Pixel_M09_Ch09","Mean.Pixel_M10_Ch10","Mean.Pixel_M11_Ch11","Mean.Pixel_M12_Ch12","Median.Pixel_M01_Ch01","Median.Pixel_M02_Ch02","Median.Pixel_M03_Ch03","Median.Pixel_M04_Ch04","Median.Pixel_M05_Ch05","Median.Pixel_M06_Ch06","Median.Pixel_M07_Ch07","Median.Pixel_M08_Ch08","Median.Pixel_M09_Ch09","Median.Pixel_M10_Ch10","Median.Pixel_M11_Ch11","Median.Pixel_M12_Ch12","Raw.Max.Pixel_MC_Ch01","Raw.Max.Pixel_MC_Ch02","Raw.Max.Pixel_MC_Ch03","Raw.Max.Pixel_MC_Ch04","Raw.Max.Pixel_MC_Ch05","Raw.Max.Pixel_MC_Ch06","Raw.Max.Pixel_MC_Ch07","Raw.Max.Pixel_MC_Ch08","Raw.Max.Pixel_MC_Ch09","Raw.Max.Pixel_MC_Ch10","Raw.Max.Pixel_MC_Ch11","Raw.Max.Pixel_MC_Ch12","Raw.Min.Pixel_MC_Ch01","Raw.Min.Pixel_MC_Ch02","Raw.Min.Pixel_MC_Ch03","Raw.Min.Pixel_MC_Ch04","Raw.Min.Pixel_MC_Ch05","Raw.Min.Pixel_MC_Ch06","Raw.Min.Pixel_MC_Ch07","Raw.Min.Pixel_MC_Ch08","Raw.Min.Pixel_MC_Ch09","Raw.Min.Pixel_MC_Ch10","Raw.Min.Pixel_MC_Ch11","Raw.Min.Pixel_MC_Ch12","Saturation.Count_M01_Ch01","Saturation.Count_M02_Ch02","Saturation.Count_M03_Ch03","Saturation.Count_M04_Ch04","Saturation.Count_M05_Ch05","Saturation.Count_M06_Ch06","Saturation.Count_M07_Ch07","Saturation.Count_M08_Ch08","Saturation.Count_M09_Ch09","Saturation.Count_M10_Ch10","Saturation.Count_M11_Ch11","Saturation.Count_M12_Ch12","Saturation.Percent_M01_Ch01","Saturation.Percent_M02_Ch02","Saturation.Percent_M03_Ch03","Saturation.Percent_M04_Ch04","Saturation.Percent_M05_Ch05","Saturation.Percent_M06_Ch06","Saturation.Percent_M07_Ch07","Saturation.Percent_M08_Ch08","Saturation.Percent_M09_Ch09","Saturation.Percent_M10_Ch10","Saturation.Percent_M11_Ch11","Saturation.Percent_M12_Ch12","ID"
"405",7278,3638,125,40.5,0,0,97.75,43.5,38,0,125.5,0,88.25,90,129.75,12.5,7,0,0,11,8.5,7,0,13,0,10.5,11.5,12.5,7,0,0,11,8.5,7,0,13,0,10.5,11.5,12.5,7,0,0,11,6.5,6.5,0,12.5,0,10,10,0.883191166478598,0.948638400381877,0,0,0.887085313815595,0.922201890425858,0.956644650673093,0,0.867705055147941,0,0.851881225043926,0.832594947733179,0.969230822604255,0.973090549819308,0,0,0.967843224393655,0.78811477747235,0.891075745480285,0,0.962158277038344,0,0.907467834911637,0.851677537524867,22709.9999835491,1196.00000172853,977.999998748302,1023.99999547005,2678.99998474121,1459.0000051856,1228.99997413158,421.000004053116,25989.0002193451,846.999996602535,5759,1322.00000619888,14.2881669551334,64.1577735928018,0,0,7.27346451555592,14.8008442115196,7.79400461183705,0,8.00565451590718,0,3.20492221121786,5.36021184454584,39.9176815899919,28.0789523420185,0,0,19.4013800000312,25.9006327898607,26.3036525128521,0,45.5021027237625,0,17.162889620763,18.8712754715756,0.543240973971453,0.571428571428571,0,0,0.699658703071672,0.274725274725275,0.135802469135802,0,0.441897233201581,0,0.722689075630252,0.528735632183908,763.03488372093,5.50290697674419,28.3895348837209,29.1773255813953,29.4709302325581,28.2645348837209,32.0261627906977,31.5813953488372,766.767441860465,34.3139534883721,31.5,30.8837209302326,-26806.104651163,2607.99127906974,917.831395348843,657.968023255809,27788.5872093026,3722.70639534885,1893.42151162789,2254.25581395346,-7796.30232558157,1558.05813953487,88089.5,14778.3488372092,178.96511627907,30.4970930232558,11.6104651162791,7.82267441860465,241.529069767442,32.7354651162791,15.9738372093023,15.4186046511628,170.232558139535,13.6860465116279,621.5,117.116279069767,-53.9508837209307,17.5217843812805,0,0,67.8462053173145,18.6435110932906,8.71725826193389,0,-15.8212267210232,0,228.310198300283,38.2051679586562,16.9651162790698,19.4970930232558,0,0,43.5290697674419,20.7354651162791,8.97383720930232,0,20.2325581395348,0,175.5,27.1162790697674,942,36,40,37,271,61,48,47,937,48,653,148,221,-1,25,26,31,18,27,30,304,29,44,31,0,0,0,0,0,0,0,0,0,0,0,0,0,0,0,0,0,0,0,0,0,0,0,0,5
"506",143,71,78,43.5,33.25,18.25,55.75,48,35.5,38,77.5,36.5,62,59.75,81.25,10.5,8,6.5,5,8.5,8,7,7,10,7,9,9,10.5,8,6.5,5,8.5,8,7,7,10,7,9,9,9.5,7,6.5,4.5,8,7.5,6,6.5,9.5,6.5,8.5,8.5,0.861254789615315,0.922441712471441,0.85217921229572,0.718058682406356,0.810377928743928,0.88124602438653,0.895659274200023,0.899515461068316,0.877809578868303,0.899887370283825,0.905768235872007,0.934791499484646,0.892309715638941,0.924149145971285,0.961450676233381,0.871462212370188,0.959773729779299,0.950914133476609,0.901165223464753,0.926312579191433,0.953047299832496,0.959803160176353,0.955113673471412,0.919991349298178,11583,1046,879,644,14129,2240,1359,808,18156,991,27454,4476,23.7602241135982,108.415320167564,23.7109353595499,21.2632255040664,84.2230410961732,35.0978016621189,32.4235724632157,17.1460852329039,27.5370175185792,22.2658325886208,43.9565908582147,29.6633649068048,53.4347137712894,27.5974431775079,31.2519639481282,25.902046708568,30.3230275590533,29.5250390360631,31.9662576853327,29.7782701985127,58.0132582387402,28.259206466277,27.7105608774624,26.9088790089888,0.293455313159747,0.608695652173913,0.27906976744186,0.175,0.903055848261328,0.627118644067797,0.40495867768595,0.421487603305785,0.359278059785674,0.345454545454545,0.94653937947494,0.81151832460733,783.7421875,5.56640625,27.47265625,28.66015625,29.48046875,28.37890625,33.30859375,32.28515625,786.71484375,31.4453125,31.39453125,30.67578125,-21182.2109375,2768.91796875,1842.38671875,1180.44921875,58798.84765625,8261.85546875,3424.70703125,3548.32421875,-3451.32421875,3173.2734375,161243.77734375,25779.37109375,224.2578125,37.43359375,34.52734375,23.33984375,995.51953125,135.62109375,56.69140625,61.71484375,470.28515625,45.5546875,2346.60546875,352.32421875,-67.9921875,14.9738236350575,12.4521557800752,10.8603916952055,260.936571608744,42.8658854166667,24.0294344190141,23.1490542763158,-11.1890372983871,20.9177011986301,646.222404233871,106.976938415272,-40.2421875,13.93359375,9.52734375,10.33984375,178.51953125,35.12109375,23.19140625,20.71484375,-14.71484375,20.0546875,366.60546875,73.32421875,1008,43,62,52,1025,164,90,94,1257,77,2378,383,425,3,24,26,28,23,29,28,502,28,36,30,0,0,0,0,0,0,0,0,0,0,0,0,0,0,0,0,0,0,0,0,0,0,0,0,5
"484",16334,8166,195.25,75.75,0,0,140,79.75,81,99.75,192.25,69.5,124.5,130,200.5,16,10,0,0,14,10,10.5,12,15.5,9.5,13,14,16,10,0,0,14,10,10.5,12,15.5,9.5,13,14,15,9,0,0,13,9.5,10,10.5,15,9,12,12,0.752219943651803,0.690982549505224,0,0,0.687585596948759,0.675134366460594,0.755848054865597,0.733062257568819,0.740026935967766,0.662069772521485,0.713577191468624,0.718191316580028,0.906905481772925,0.872498112974165,0,0,0.89344697724185,0.925287617971772,0.892265699896587,0.790277278514462,0.893311237305772,0.840869356760669,0.8863785810028,0.864560264646577,40429.9999877214,2130.00008529425,1622.00001502037,1489.99999809265,3717.99999666214,2580.00001144409,1707.00001037121,771.999995231628,40626.9999842644,1413.00004553795,16728.0000114441,4417.00006437302,21.7700431939816,61.9776258302149,0,0,8.30174226981604,17.0740722906582,9.46155235107509,2.46853865727826,9.35621881302534,5.21712854746333,3.85516355677219,12.6021733207641,38.1166346036744,22.6594517553511,0,0,17.4138673573903,24.9870389388527,21.7804696332229,16.2642979889047,43.8877826236713,19.6662811533267,16.0142324429732,17.7824318031232,0.535037098103875,0.62962962962963,0,0,0.690647482014389,0.319148936170213,0.222222222222222,0.247311827956989,0.397464578672632,0.208791208791209,0.770491803278688,0.647940074906367,765.074519230769,5.99038461538461,28.0048076923077,28.5600961538462,28.7668269230769,28.2764423076923,32.1658653846154,31.3341346153846,768.064903846154,31.8004807692308,30.8197115384615,30.3533653846154,-55487.7644230759,6348.71153846148,1938.14423076925,1262.80288461537,44131.0048076919,6159.29326923074,5105.97596153852,5981.02403846148,-20502.0528846151,4632.01442307695,246165.591346151,41486.6009615378,216.925480769231,43.0096153846154,12.9951923076923,9.43990384615385,241.233173076923,38.7235576923077,27.8341346153846,28.6658653846154,204.935096153846,24.1995192307692,1203.18028846154,221.646634615385,-71.3920608440841,21.5178662096978,0,0,75.5224587912082,18.0182285387026,13.3248753561254,13.129524532485,-27.1689350555163,13.422540813503,459.188320590048,75.0331730769222,17.9254807692307,22.0096153846154,0,0,53.2331730769231,17.7235576923077,13.8341346153846,11.6658653846154,19.9350961538462,13.1995192307692,355.680288461538,57.1466346153846,982,49,41,38,270,67,60,60,973,56,1234,252,211,0,24,25,28,17,27,28,342,27,45,31,0,0,0,0,0,0,0,0,0,0,0,0,0,0,0,0,0,0,0,0,0,0,0,0,5
"461",16699,8349,105,54.5,35,0,72.75,56.5,40.5,54.5,103.25,41,88.75,76.25,109.75,12,8.5,7.5,0,9.5,8.5,7.5,8.5,12,7,11,10,12,8.5,7.5,0,9.5,8.5,7.5,8.5,12,7,11,10,11.5,8,6,0,9.5,8.5,7,8,11,7,10,9.5,0.947100224283329,0.872656707671763,0.845545201674211,0,0.795873670935278,0.86294479165236,0.733489439879323,0.882379857486361,0.921890932554162,0.815962852599836,0.906222828629567,0.772041064151022,0.978902318712097,0.96168203408012,0.83627146842124,0,0.974230248551045,0.942587644212612,0.751505519792988,0.947463788833986,0.931098193690652,0.990418201515423,0.907562417468434,0.994193038641712,15587.9995423555,1794.99993252754,951.999999880791,864.999999284744,6992.99979627132,1799,1042.99998492002,619.000048279762,19035.0001678467,1078.00001215935,12031.9999313354,4401.00030505657,46.0028857104607,118.312063842625,15.5359313791706,0,50.8642248068951,27.0974462812179,17.1668943502901,7.8246250359981,32.9336839905325,20.2795498189644,19.219794198883,42.5368955111672,34.8296884535516,25.8282155520012,23.9791372647751,0,26.3544634467581,26.4012611031344,23.321595307233,21.6365174437621,56.5362963500871,26.9157114331754,21.3339553549457,25.2881259824147,0.492430988423865,0.666666666666667,0.0985915492957746,0,0.759259259259259,0.354166666666667,0.186046511627907,0.214285714285714,0.302670623145401,0.173913043478261,0.841676367869616,0.686274509803922,763.758741258741,4.68055555555556,27.9965277777778,28.5798611111111,28.9791666666667,27.6875,30.6076388888889,29.9722222222222,767.815972222222,34.2083333333333,31.7569444444444,30.4583333333333,-48059.087412587,4838.23611111108,1330.52430555554,816.440972222228,29521.1458333332,4282.1875,2307.24652777779,2793.19444444446,-16311.2118055557,2156.54166666667,108357.70138889,20686.7916666668,168.241258741259,43.3194444444444,14.0034722222222,9.42013888888889,284.020833333333,46.3125,22.3923611111111,23.0277777777778,238.184027777778,21.7916666666667,801.243055555556,225.541666666667,-114.80874125874,21.9066004077471,7.56061507936506,0,98.5019329896903,18.7461283185841,11.923225308642,11.757135575943,-39.8982966774283,10.8770325203252,300.282492175276,65.8498633879783,-19.2587412587412,22.3194444444444,7.00347222222222,0,83.0208333333333,18.3125,11.8923611111111,11.5277777777778,-3.81597222222217,9.79166666666666,233.243055555556,52.5416666666667,932,48,42,38,313,74,53,53,1006,56,833,256,212,1,24,25,26,20,26,27,382,29,37,29,0,0,0,0,0,0,0,0,0,0,0,0,0,0,0,0,0,0,0,0,0,0,0,0,5
"4442",8046,4022,167.25,56.75,0,0,76.25,57.5,0,0,148.75,0,101.25,100.75,168.5,15,9,0,0,9.5,9,0,0,13.5,0,11.5,11.5,15,9,0,0,9.5,9,0,0,13.5,0,11.5,11.5,14.5,8,0,0,9.5,8.5,0,0,13,0,11,11,0.888872543083,0.837270812946204,0,0,0.834918207825396,0.885852592536858,0,0,0.854120412154726,0,0.845032608358977,0.956027325122116,0.938133315580394,0.895007359377128,0,0,0.992216258900707,0.869255079170786,0,0,0.967777457154107,0,0.928835790276631,0.882776952604196,34812.9994359016,2066.00000536442,1229.000002563,1381.99999183416,4539.99978625774,2394.99996423721,1686.00001215935,774.999989509583,32440.9999940395,1232.00001263618,5374.99999040365,2828.99976426363,25.9126909624966,120.991402054816,0,0,26.9738356505228,23.6947308449543,0,0,13.5166693084256,0,9.02033275182065,21.3894234536259,41.8745123592982,28.3548082420623,0,0,24.9361091757256,31.1941119245528,0,0,43.7205154914445,0,19.6091856745426,22.4764691373691,0.485580670303975,0.607843137254902,0,0,0.683760683760684,0.27906976744186,0,0,0.408345752608048,0,0.768558951965066,0.569620253164557,770.201612903226,5.06117021276596,27.5292553191489,28.6515957446809,28.9867021276596,27.7898936170213,31.8271276595745,31.061170212766,770.051912568306,33.4122340425532,30.5904255319149,30.4042553191489,-37621.8870967747,4126.77127659573,1055.28191489363,594.8244680851,19209.9627659576,3005.61170212763,991.515957446821,1146.77127659573,-23246.9890710382,740.154255319133,57771.0531914881,15902.5319148938,270.798387096774,58.938829787234,9.47074468085106,7.34840425531915,188.01329787234,29.2101063829787,12.1728723404255,11.938829787234,246.948087431694,10.5877659574468,417.409574468085,102.595744680851,-56.3196995997886,20.5467593026526,0,0,59.3018224625042,14.1361933395004,0,0,-40.5846856775496,0,136.656488048331,37.7173327701813,22.7983870967741,20.938829787234,0,0,46.0132978723404,12.2101063829787,0,0,18.948087431694,0,95.4095744680851,29.5957446808511,1041,64,37,36,217,57,44,43,1017,44,448,133,268,-5,22,25,26,13,22,27,341,25,29,29,0,0,0,0,0,0,0,0,0,0,0,0,0,0,0,0,0,0,0,0,0,0,0,0,0
"434",17276,8637,164,97.75,86.5,0,123.5,106.5,103,114.75,177.25,94.5,133.75,113,177.75,14.5,11,10.5,0,12.5,12,12,12,14.5,11,13,12.5,14.5,11,10.5,0,12.5,12,12,12,14.5,11,13,12.5,14,11,10.5,0,12.5,11.5,11,12,14.5,10.5,12.5,11.5,0.789839050713865,0.429578541891353,0.859568813721073,0,0.931643479911399,0.946127567354239,0.969310700934326,0.925141457109843,0.829804611517252,0.919505737892357,0.935985529692962,0.627814215156664,0.964450017433097,0.93676141746939,0.94009358776091,0,0.942123734166154,0.9265286518842,0.921207190826027,0.908929544732411,0.957759019277281,0.929107360525551,0.923789937407722,0.917918849748841,40839.000561595,4466.99998557568,1866.99998420477,1343.00000309944,22933,4337.00000119209,2009.00008571148,1324.99994546175,49018,2028,32434,16201.9996030331,67.7644858553074,632.311121454502,16.5621223576819,0,66.8330764338491,31.5415129273836,15.6608009177688,5.59866069391772,33.9164316391708,16.1741802468159,18.7847930380438,150.092885576166,40.2133678042533,40.5211802436754,24.144637151327,0,25.5239018131876,26.7630245366652,21.1171401389104,19.3709237561482,57.7950278346998,23.9624910596873,19.2693270966491,33.3225609572728,0.555156950672646,0.801801801801802,0.184210526315789,0,0.817460317460317,0.503875968992248,0.232323232323232,0.292929292929293,0.37117903930131,0.247311827956989,0.853141559424678,0.832844574780059,764.513020833333,6.64322916666667,27.8645833333333,28.6223958333333,29.09375,28.6692708333333,32.9791666666667,32.4348958333333,768.4921875,31.34375,30.7890625,30.5338541666667,-81769.7578124993,12307.6640625002,3410.28124999996,2108.4765625,85133.34375,12740.1484374998,6400.81249999992,7191.78906250009,-26703.9453125,5657.59375,296531.9765625,69869.4296874997,275.486979166667,241.356770833333,19.1354166666667,12.3776041666667,502.90625,87.3307291666667,32.0208333333333,36.5651041666667,454.5078125,29.65625,1354.2109375,1215.46614583333,-125.513020833332,30.8171288895995,9.09784441233137,0,168.248355263158,29.5537338615022,14.6009304207119,15.2884157135077,-37.671313028914,14.4710648148148,541.121217873832,148.915260877582,-71.0130208333334,26.3567708333333,8.13541666666667,0,157.90625,27.3307291666667,14.0208333333333,15.5651041666667,5.5078125,13.65625,571.2109375,107.466145833333,1040,248,47,41,532,116,65,69,1223,61,1385,1246,174,1,24,25,30,23,31,29,320,25,44,30,0,0,0,0,0,0,0,0,0,0,0,0,0,0,0,0,0,0,0,0,0,0,0,0,5
"4453",18027,9013,176,89.25,88.25,77.25,120,123,121.75,135.25,169,103.25,146.75,146.5,180,16.5,12.5,12.5,12,14,13.5,13.5,14.5,15.5,13.5,14.5,15,16.5,12.5,12.5,12,14,13.5,13.5,14.5,15.5,13.5,14.5,15,13,9,8.5,8.5,10.5,11.5,11.5,12,13,10,12.5,12,0.596688966360852,0.53944505906864,0.569199640273802,0.541948543419651,0.57622977023517,0.579166028350101,0.632337149917998,0.599911428715351,0.709443761221831,0.601895371914885,0.602365898875269,0.587622035313029,0.770553817909642,0.665780171593485,0.655360431686904,0.609574071182794,0.72444304514391,0.760010053110663,0.746073142464491,0.760964349585114,0.78461233051411,0.669478321584842,0.775412630932665,0.758997539496099,41459.0000119209,3558.00003194809,1702.99997377396,1629.99998927116,30803.9986214638,5508,1708.00005799532,1121.00001299381,39529.9999914169,1927.00006628036,45889.9999313354,7956.99913549423,52.3500427357922,117.97039516555,17.3080209387062,12.9872798991702,82.8401927484375,35.5339307440148,9.20363158997893,5.34806808098734,19.5570954833642,12.0617677175113,23.4049101556361,18.5836822043458,41.475728517858,27.5845342131741,25.618876527367,26.9979985362178,26.9293396679269,25.9652966237416,20.4578688927564,20.0987611926879,49.7762262553215,22.4434252123776,20.2654637022401,19.9885534267081,0.508656224237428,0.622641509433962,0.230769230769231,0.162162162162162,0.819354838709677,0.590062111801242,0.302752293577982,0.357798165137615,0.366351056081573,0.308411214953271,0.86105476673428,0.763819095477387,769.160098522167,6.24038461538461,27.6225961538462,28.9447115384615,29.6658653846154,28.53125,33.6129807692308,32.0961538461538,769.716346153846,32.6153846153846,31.1177884615385,31.0985576923077,-71637.2709359618,7421.92307692302,3986.73076923075,2567.80769230773,125674.576923079,19079.5,8611.65384615395,9539.76923076906,-21867.7692307696,7793.92307692301,414546.192307687,76723.0384615381,322.839901477833,41.7596153846154,22.3774038461538,17.0552884615385,769.334134615385,114.46875,42.3870192307692,45.9038461538462,285.283653846154,42.3846153846154,1988.88221153846,364.901442307692,-101.982541703987,20.9304837319542,10.045959086947,7.07794218322137,249.67996794872,37.2329776422764,16.6539596825147,16.9685411630881,-32.8909023668644,17.6630657478114,690.669264349357,128.537961079023,5.83990147783254,22.7596153846154,9.37740384615385,7.05528846153846,200.334134615385,31.46875,14.3870192307692,14.9038461538462,8.28365384615381,16.3846153846154,631.882211538462,113.901442307692,1092,48,50,46,799,143,76,78,1055,75,2020,396,210,-1,25,26,33,26,31,31,376,29,58,35,0,0,0,0,0,0,0,0,0,0,0,0,0,0,0,0,0,0,0,0,0,0,0,0,0
"488",16145,8072,101,56,52.5,49.5,77.5,69.25,62.25,62.25,97.75,57.5,92,82.75,107,11.5,8,8,8,10,9.5,9,8.5,11,8.5,11,10.5,11.5,8,8,8,10,9.5,9,8.5,11,8.5,11,10.5,11,8,8,7.5,9.5,9,8.5,8.5,11,8,10.5,10,0.88775330897074,0.904628627585323,0.886390116332196,0.873865873979303,0.895710926447938,0.882994690560257,0.94983657040207,0.900656377639213,0.709851794737996,0.882866990509599,0.952777317265407,0.938269114701873,0.865606596292401,0.993996134575861,0.937961722790589,0.968975292662821,0.956847906694061,0.979055308789889,0.906890056461711,0.980272230558412,0.978178616525669,0.952302570363833,0.950773642466431,0.959913328681914,12235.9997706413,2127.99999284744,1624.99992895126,1185.00001811981,39824.9987843037,6522.99999976158,2139.99999511242,1931.9998357892,17775.9999229908,2478.00009965897,74559.9985237122,11824.9999696612,45.2097483569069,94.9972369676976,28.4191071936309,18.8399054421084,107.083158187114,55.5781497209253,28.0369830886146,20.1820268250058,24.2596519484428,33.2669402864961,54.1378747013134,40.8819882253022,39.3914939759376,28.4935236160156,29.3530857950192,30.0351098909252,30.2714573369398,30.0443659130262,28.2360527696086,27.3342280759985,66.5715086413017,29.6138834110068,26.5749957368466,26.0168707048894,0.420726306465899,0.639344262295082,0.318681318681319,0.24390243902439,0.921465968586387,0.702702702702703,0.412698412698413,0.424,0.222295081967213,0.401709401709402,0.945945945945946,0.840954274353877,772.707317073171,6.98475609756098,27.5884146341463,28.6128048780488,29.3932926829268,28.969512195122,33.984756097561,33.1737804878049,774.134146341463,30.8932926829268,30.9481707317073,30.5701219512195,-48136.7317073166,5435.52439024387,3599.15853658536,2321.71951219512,115104.670731707,17011.0487804877,6463.52439024385,6811.62195121953,-11935.4146341463,5650.67073170733,304540.182926828,51225.9878048781,352.292682926829,53.015243902439,34.4115853658537,24.3871951219512,1206.60670731707,179.030487804878,60.015243902439,62.8262195121951,498.865853658537,52.1067073170732,2801.05182926829,467.42987804878,-119.652861627625,23.4438153310104,16.1068234610917,11.1245688593249,367.30348151062,61.0810293211233,25.02729209521,26.5049343716329,-30.2338905869876,24.3849681866384,823.122481442201,153.272778350895,-50.7073170731708,24.015243902439,15.4115853658537,10.3871951219512,305.606707317073,57.030487804878,26.015243902439,26.8262195121951,-22.1341463414634,24.1067073170732,586.551829268293,138.42987804878,1125,60,62,53,1236,208,94,96,1273,83,2832,498,283,2,24,25,31,22,32,31,495,26,44,30,0,0,0,0,0,0,0,0,0,0,0,0,0,0,0,0,0,0,0,0,0,0,0,0,5
"383",8941,4470,127.25,55.75,0,0,96.25,69.75,57,77.25,151.75,42.5,88.25,91.5,152,13.5,9.5,0,0,11,10,8.5,10,14,7.5,10.5,11,13.5,9.5,0,0,11,10,8.5,10,14,7.5,10.5,11,12,8,0,0,11,9,8,9.5,13.5,7,10,10.5,0.734256760004764,0.724492505975265,0,0,0.750898624025191,0.767451446306834,0.902768672663595,0.86530688678987,0.77480247648845,0.777838312097011,0.890574026847196,0.72213571729564,0.869046931719521,0.828998323989894,0,0,0.89972778791472,0.913816675621115,0.953976900029402,0.869112937132027,0.929046375993848,0.852216633296849,0.944663732513675,0.928522884154027,26030.9998559952,1993.99989080429,1099.99998873472,1147.00001448393,3174.00008296967,1721,855.000016212463,530.000004172325,26722,928.9999538064,8946.00025177002,5101,43.5823051863206,104.492082219768,0,0,16.7971543463633,23.5771762873131,9.18418697689109,3.13083861400145,11.5284711901588,6.4210360489054,4.67961897769307,23.785725356141,38.3138267392647,25.7726344053829,0,0,20.857766471416,25.3606950043102,19.6782202788668,17.9577255448618,43.7303546474433,17.8283415058593,17.408640748643,22.5854154469264,0.5235646958012,0.641791044776119,0,0,0.712460063897764,0.353535353535354,0.186813186813187,0.230769230769231,0.340252038547072,0.161290322580645,0.759590792838875,0.727810650887574,762.507853403141,6.47916666666667,28.1744791666667,29.0338541666667,29.4166666666667,28.2890625,32.9635416666667,32.1901041666667,766.8203125,33.0052083333333,31.5104166666667,31.0546875,-48803.7748691101,5656.6666666666,1608.91666666665,1020.41666666667,37170.666666667,5481.25,3592.16666666671,4124.4166666667,-18689.75,3151.8333333333,171697.666666668,32375.75,182.492146596859,71.5208333333333,13.8255208333333,9.96614583333333,295.583333333333,47.7109375,23.0364583333333,24.8098958333333,179.1796875,21.9947916666667,1050.48958333333,302.9453125,-99.101173638898,25.9109678624812,0,0,92.2534632034632,18.9546650985663,12.4268092105263,11.9814168689321,-30.813722714168,13.7536151960784,447.444257554298,83.6338370901639,21.4921465968587,26.5208333333333,0,0,63.5833333333333,17.7109375,12.0364583333333,10.8098958333333,17.1796875,13.9947916666667,381.489583333333,63.9453125,945,78,42,39,325,76,56,57,946,55,1082,334,226,1,24,26,28,20,31,29,374,29,45,32,0,0,0,0,0,0,0,0,0,0,0,0,0,0,0,0,0,0,0,0,0,0,0,0,5
"4437",14015,7007,256.75,163.75,93.25,0,148.75,145.25,121.25,142.5,227.5,130.25,177.5,157.5,259.75,20.5,18.5,16.5,0,18,18,17,17.5,20.5,17,19,17,20.5,18.5,16.5,0,18,20,17,17.5,20.5,18,19,17,16,11,9.5,0,10.5,11,10.5,11,14.5,10.5,12,11.5,0.535588290576944,0.559627382733027,0.430049143948816,0,0.385278677529819,0.436869681846349,0.514745900938733,0.476223777809719,0.582817971818304,0.528895569159003,0.495117418350952,0.514659970559254,0.728323363802616,0.575248109992505,0.452938930139484,0,0.527901328280209,0.557927397246916,0.562217453397645,0.58326644612748,0.671212287579671,0.553338641023683,0.618637467616302,0.601324670362371,82334.001237154,6622.99988603592,2803.99994397163,2145.00000560284,16563.9998197556,7199.99998897314,4929.99990057945,3030.99998927116,100308.999846339,5002.99997258186,41085.9993243217,19596.0005096197,62.8005940437231,305.184043328129,16.6232898352741,0,51.6803738427639,45.3943297984749,31.0095543976157,14.0288686564959,69.94508050172,42.6997922541926,29.2599526436456,129.473650168693,47.045512159751,34.7153052080248,29.4213966491965,0,26.1313155336696,32.5999086446641,31.7991262606733,24.216749281157,59.7404604224352,34.680992954425,20.7830949953024,28.1929344338198,0.502824858757062,0.682539682539683,0.159420289855072,0,0.759398496240602,0.504761904761905,0.284210526315789,0.242105263157895,0.458161865569273,0.280898876404494,0.854039965247611,0.742857142857143,769.076923076923,7.22355769230769,27.9399038461538,28.7427884615385,29.6466346153846,28.9206730769231,34.0360576923077,33.2259615384615,768.237980769231,31.3581730769231,30.8701923076923,30.9567307692308,-121700.923076922,13381.723557692,2768.43990384618,1841.2427884615,73110.1466346159,12020.4206730769,6545.53605769236,7235.22596153839,-65543.2620192326,6178.85817307703,333039.870192311,80585.9567307678,653.923076923077,138.776442307692,15.0600961538462,10.2572115384615,372.353365384615,58.0793269230769,36.9639423076923,32.7740384615385,717.762019230769,32.6418269230769,1135.12980769231,712.043269230769,-118.709834469327,20.3291140634172,6.28797819137969,0,117.750004040078,21.0483458559512,12.5144577716099,12.2459682860998,-73.0841346153865,11.8126522589696,459.07628656555,123.051205738704,-69.0769230769231,19.7764423076923,6.06009615384615,0,92.3533653846154,19.0793269230769,11.9639423076923,10.7740384615385,-56.2379807692307,10.6418269230769,390.629807692308,103.043269230769,1423,146,43,39,402,87,71,66,1486,64,1166,743,208,-5,20,25,27,15,24,27,275,23,31,29,0,0,0,0,0,0,0,0,0,0,0,0,0,0,0,0,0,0,0,0,0,0,0,0,0
"4423",16863,8431,98.5,45.25,34.75,32.75,60.25,50,44.5,47.5,87.25,40.25,75.5,60.75,101.25,15.5,8.5,7.5,7.5,10,9,8,8,12.5,8,10.5,9.5,15.5,8.5,7.5,7.5,10,9,8,8,12.5,8,10.5,9.5,10.5,7,6,5.5,7.5,7,6.5,7,10,6,8.5,8,0.799851250200926,0.72965659680175,0.627180312880029,0.627755221158016,0.630687193031002,0.663378193976516,0.680771072563363,0.670792235090574,0.909325449742965,0.692798447570846,0.680636946055932,0.714716803419613,0.557979959424194,0.809875909541467,0.682727797719889,0.652047359415919,0.7852715710343,0.743211466649944,0.798163959660294,0.851856093485428,0.736815144735382,0.71620895878915,0.82903848359157,0.869205213392,6889.99991703033,1894.99987566471,1631.9999871254,1337.99999117851,49242.9999308586,7197.0000743866,2193.99988460541,2464.99999439716,18551.9999887943,2075.00000458956,83390.0031292439,13505.0008007884,16.9121743637729,64.3569966797323,29.0610248281576,20.0907773889285,94.7376325914912,53.7100090366478,22.7086083776568,23.4864181417734,15.5076891014309,21.9046815266284,55.6421019377573,40.1770616847406,34.1008457171132,28.6335520441679,31.2111180042237,31.7864903009746,32.5385581298317,31.1268033085231,29.2599777846867,29.5244020396455,64.0138283100129,29.9570493693325,29.3678920902267,28.5531380198925,0.331670822942643,0.71830985915493,0.415094339622642,0.326315789473684,0.947338294218661,0.792452830188679,0.503355704697987,0.535483870967742,0.252450980392157,0.493333333333333,0.962513781697905,0.86962962962963,768.726973684211,5.71381578947368,27.6546052631579,28.7467105263158,29.2565789473684,28.1019736842105,33.2861842105263,32.3519736842105,767.733552631579,33.3980263157895,31.8223684210526,31.1447368421053,-33215.4243421055,4571.90460526321,3586.88486842104,2488.58223684209,123905.085526314,18504.7006578949,6378.09539473675,7058.45065789465,-4600.08881578953,6100.79934210533,296096.940789473,50793.3815789469,204.273026315789,56.2861842105263,51.3453947368421,37.2532894736842,1820.74342105263,282.898026315789,82.7138157894737,90.6480263157895,311.266447368421,85.6019736842105,3872.17763157895,660.855263157895,-84.3284965268506,24.2806593486479,24.2087040893601,17.306724588188,509.067072504911,91.2980263157898,35.0171865759904,36.1585526315788,-12.9083377318656,36.4404830009808,976.008757406762,206.139213775178,-26.2269736842105,20.2861842105263,25.3453947368421,17.2532894736842,201.743421052632,62.3980263157895,30.7138157894737,25.6480263157895,-12.733552631579,33.6019736842105,364.177631578947,117.855263157895,973,62,79,66,1850,311,116,123,1079,119,3904,692,295,2,25,25,27,23,31,29,560,30,32,29,0,0,0,0,0,0,0,0,0,0,0,0,0,0,0,0,0,0,0,0,0,0,0,0,0
"4424",8625,4312,100.75,57.75,39.75,0,67.25,53,51.75,53,95.25,44,76.25,61,105.25,13.5,8.5,7,0,9.5,8.5,8,8.5,11,8,10,9,13.5,8.5,7,0,9.5,8.5,8,8.5,11,8,10,9,10.5,8.5,7,0,9,8,7.5,8,10.5,7,9.5,8.5,0.91771162852252,0.824751976480892,0.915906462449932,0,0.866214079333085,0.802441327371163,0.933425686305706,0.922849111354638,0.800290368467822,0.900177499824107,0.926693047155664,0.487851030479986,0.78629072180317,0.937238727510439,0.934958426559684,0,0.924510994366169,0.919134397625223,0.926258489588905,0.921513601469817,0.950698884339096,0.927435987524898,0.95790131418132,0.831688968344012,22323.0003318787,2715.99993538857,1374.99999189377,850.00000834465,9179.99998480082,2366.9999601841,2114.0000064373,711.000031232834,26403,1531.00003385544,17551,10923.0005971193,74.9060626922044,209.80090504529,29.4245515970208,0,114.645139428058,65.514950166113,36.0600145760195,8.04360078504581,53.1759151326716,28.3984633159474,44.10741620994,309.351372905736,53.6768911556549,33.4808548499388,35.7148806517822,0,29.2858362362903,34.1452552937256,31.184005242828,23.6277738605802,67.4953714609686,34.1146812265601,24.4185643153079,41.3773603941763,0.490384615384615,0.688888888888889,0.211267605633803,0,0.822222222222222,0.415929203539823,0.260869565217391,0.239130434782609,0.435076923076923,0.257142857142857,0.897265948632974,0.835766423357664,758.194444444444,5.73958333333333,28.6319444444444,29.4305555555556,29.3298611111111,28.1840277777778,30.3819444444444,31.0729166666667,756.8125,34.5659722222222,31.8125,31.1215277777778,-38190.8611111114,3868.63541666664,1163.9513888889,678.736111111115,30328.1284722226,4557.5243055556,3230.20138888892,3214.30208333336,-18899.0625,2482.72569444446,134619.9375,33279.8368055554,364.805555555556,48.2604166666667,17.3680555555556,9.56944444444444,376.670138888889,60.8159722222222,36.6180555555556,27.9270833333333,546.1875,40.4340277777778,1225.1875,1049.87847222222,-95.1646677695071,16.4205898268398,6.64478511530398,0,110.960101714168,21.9527646750525,14.9079106280194,14.4506682389938,-50.2665682414698,13.8090277777778,436.312090163934,132.648964025501,-29.1944444444445,16.2604166666667,6.36805555555556,0,94.6701388888889,19.8159722222222,14.6180555555556,14.9270833333333,-38.8125,12.4340277777778,401.1875,116.378472222222,1123,54,46,39,406,89,67,59,1303,75,1257,1081,263,3,24,26,26,20,28,29,308,30,33,30,0,0,0,0,0,0,0,0,0,0,0,0,0,0,0,0,0,0,0,0,0,0,0,0,0
"537",13306,6652,141.5,62.5,0,0,101.75,66.75,61.75,61.25,139.75,54.5,88,94,147.25,13.5,9,0,0,11.5,10.5,9.5,9,14,9,11,11,13.5,9,0,0,11.5,10.5,9.5,9,14,9,11,11,13.5,8.5,0,0,10.5,8,8.5,8,12.5,7.5,9.5,10,0.78491932157373,0.853530490093495,0,0,0.699268081754684,0.736503347707442,0.755733445504306,0.796233885801312,0.782817225891603,0.81949802468415,0.742391760252174,0.847590063588903,0.942641573147075,0.890589373746679,0,0,0.899359304281881,0.798823929219585,0.89560772117248,0.874541073416221,0.917541030606757,0.809404997141548,0.860401451879446,0.90566182186441,29088.9993920326,1828.9999423027,1228.00000989437,1084.00001704693,4988.99998760223,2149.00000536442,1587.99999904633,857.999941468239,35374.9999771118,1536.99997711182,12077.9996066093,4583.99965560436,44.2265041425398,85.2891684438805,0,0,34.1217621192752,25.4922959408057,13.3420605185152,6.57823727061256,33.2237593199282,22.3859570661896,9.47084726126978,42.7792612275312,39.9096845959658,24.8491897333747,0,0,22.5342359138394,26.792363566964,24.787357214002,20.5713695724881,54.4568424122646,27.1904828583467,18.4109420606175,23.419092563068,0.464195450716091,0.636363636363636,0,0,0.714285714285714,0.353535353535354,0.162790697674419,0.191011235955056,0.338721528288023,0.172413793103448,0.743303571428571,0.654008438818565,763.355421686747,6.99404761904762,28.0357142857143,28.9732142857143,29.4910714285714,28.5327380952381,33.1636904761905,32.7857142857143,767.940119760479,31.4970238095238,30.9434523809524,30.7946428571429,-53025.3433734946,5246.50595238092,1697.9642857143,956.776785714274,37102.7589285712,5477.21726190469,2965.58630952385,3187.21428571431,-23143.730538922,2740.25297619046,145972.306547621,26933.9553571432,210.644578313253,43.0059523809524,13.9642857142857,9.02678571428572,227.508928571429,42.4672619047619,19.8363095238095,23.2142857142857,198.059880239521,21.5029761904762,772.056547619048,248.205357142857,-94.3218527821544,21.4059523809523,0,0,88.4425895050891,19.8829922418405,10.0468358395991,11.3734693877551,-41.6324274527865,11.2827927042376,387.24404761905,68.5776975683896,8.64457831325296,22.0059523809524,0,0,69.5089285714286,21.4672619047619,9.83630952380953,10.2142857142857,10.0598802395209,11.5029761904762,371.056547619048,57.2053571428571,974,50,42,38,257,71,53,56,966,53,803,279,217,1,24,25,29,19,30,30,363,23,38,31,0,0,0,0,0,0,0,0,0,0,0,0,0,0,0,0,0,0,0,0,0,0,0,0,5
"469",12722,6360,175.75,72.75,67.75,0,110.75,87.25,82.75,102.25,177.25,75.5,119.75,132,184.75,15,9.5,9,0,12,11.5,11,11,15.5,10,12,13,15,9.5,9,0,12,11.5,11,11,15.5,10,12,13,14.5,9.5,9,0,11,10,10,11,14,9.5,12,13,0.870797495080055,0.870580935206119,0.867929143401389,0,0.826425367123294,0.843873893392596,0.904884439996038,0.876651077511132,0.884675364244939,0.866279322117521,0.900636364589334,0.936520239883351,0.971882451180123,0.956895149160824,0.915169169624704,0,0.925793438102027,0.819328219700014,0.828082363598613,0.94192656278442,0.933357963830371,0.944855705934178,0.970329212239741,0.995665501525801,36697.9997041225,2170.99999833107,1433.00000679493,1255.99997591972,7378.00002622604,2594.99987649918,1757.00008916855,819.999988794327,45435.9999357462,1685.00005537271,10587.0001869202,4442.99968910217,29.3588884229348,51.853528039263,13.0338959735178,0,10.4378929049089,18.2748816877595,12.3748730156323,4.706920549651,16.9988890794947,11.8655773496752,3.25520899511949,21.8869486899524,37.3232201463015,23.0260017261363,22.7702599839982,0,18.6958342112594,24.0407204363357,20.5909788160145,16.8370213992946,45.8124172443033,21.4761125859958,15.1810545108472,18.8803575230538,0.546666666666667,0.620689655172414,0.154929577464789,0,0.713554987212276,0.384615384615385,0.204545454545455,0.235955056179775,0.398692810457516,0.186813186813187,0.743816254416961,0.660377358490566,763.391826923077,5.40865384615385,27.8052884615385,28.8701923076923,29.2908653846154,27.8389423076923,31.8076923076923,31.0360576923077,768.439903846154,33.4567307692308,31.2860576923077,30.5745192307692,-63865.5600961543,7065.00480769218,2352.89182692304,1366.92788461537,53964.0504807686,7864.02163461535,4899.11538461535,5542.35336538465,-22224.0889423073,4437.47596153846,224222.603365383,39456.4302884621,229.608173076923,45.5913461538462,15.1947115384615,10.1298076923077,355.709134615385,49.1610576923077,24.1923076923077,25.9639423076923,240.560096153846,23.5432692307692,1049.71394230769,246.425480769231,-91.5454542345996,24.9968444356329,7.57847537609988,0,112.941640258725,21.0579058298435,12.506507088078,12.0788567331202,-31.7840505316259,11.9141301579215,434.311019551949,71.4425262237768,17.6081730769231,26.5913461538462,7.19471153846154,0,87.7091346153846,20.1610576923077,13.1923076923077,10.9639423076923,16.5600961538462,12.5432692307692,365.713942307692,57.4254807692308,993,51,43,39,385,77,56,57,1009,57,1081,277,212,0,23,25,30,17,26,29,310,29,48,33,0,0,0,0,0,0,0,0,0,0,0,0,0,0,0,0,0,0,0,0,0,0,0,0,5
"382",12305,6152,114.25,51.25,43.5,38.5,67.75,65.75,61.25,63.5,113,51.25,78.25,81.75,116.5,12,8,7.5,7,9.5,9.5,9.5,9.5,13,9,10,10.5,12,8,7.5,7,9.5,9.5,9.5,9.5,13,9,10,10.5,12,8,7,7,9,9,8.5,8.5,11,7.5,9.5,10,0.830613225358964,0.976933463024868,0.941072188438677,0.882162782796601,0.849253071443031,0.831920647641615,0.847832177681443,0.883410739260653,0.86620683566955,0.852440229400909,0.878658553616651,0.897990046722244,0.93320393185536,0.899361655031205,0.941474054597467,0.924995173602029,0.95421908401116,0.944994994195084,0.875394288471247,0.936216323247656,0.86812614829295,0.887962900067662,0.924084545639074,0.91829934294507,14214.999994278,1307.99999380112,820.999994277954,866.999990463257,15938.999786377,2051.00002998114,1107.99996864796,705.999944210052,15946.9998912215,765.999967098236,25652.9989509583,3454.00004768372,22.5609379838998,65.3254228098346,13.6610770506535,11.9628976536635,29.7646197494669,16.007129573684,9.85951777303601,3.47081805966839,8.42381822343867,6.21741515607178,13.3441737319749,8.01857420632878,36.787997522709,25.569480995778,23.3577596181809,24.9643925344717,25.107775521842,24.2863420630372,23.6226843046825,21.010441501794,45.9761296314253,22.6297051287398,21.9142566939084,21.3599292748247,0.493220338983051,0.689655172413793,0.270588235294118,0.189873417721519,0.842746400885936,0.609195402298851,0.307692307692308,0.339449541284404,0.253922967189729,0.30188679245283,0.851605758582503,0.747252747252747,773.278409090909,5.64772727272727,27.6420454545455,28.6164772727273,29.4261363636364,28.1420454545455,32.6818181818182,31.7528409090909,774.857954545455,32.4204545454545,31.1534090909091,30.6306818181818,-36503.738636364,4657.1590909091,2613.80681818181,1765.7215909091,74357.4204545456,10958.8068181818,3939.27272727276,4513.17613636361,-10611.8068181817,3776.06818181819,187017.511363636,32159.1022727276,139.721590909091,49.3522727272727,29.3579545454545,20.3835227272727,907.573863636364,129.857954545455,37.3181818181818,44.2471590909091,122.142045454545,39.5795454545455,1806.84659090909,301.369318181818,-80.0464616073212,22.2644678492239,12.5361154649947,9.11079545454547,259.998217879906,39.5043423781541,14.3998144712431,16.2550331066571,-23.6809633950118,16.3405210643016,567.99036087714,94.6659542674458,10.7215909090909,22.3522727272727,11.3579545454545,8.38352272727273,169.573863636364,26.8579545454545,11.3181818181818,13.2471590909091,9.6420454545455,14.5795454545455,392.846590909091,63.3693181818182,913,55,57,49,937,158,70,76,897,72,1838,332,273,2,23,25,33,25,30,30,457,29,59,34,0,0,0,0,0,0,0,0,0,0,0,0,0,0,0,0,0,0,0,0,0,0,0,0,5
"4445",4364,2181,365.5,222.25,179.75,154.5,243.25,204.5,228,246.75,371.5,197,322,265,378.5,24.5,19,19.5,19.5,21,20,21.5,20.5,24,20,22.5,21.5,24.5,19,22,22,21,20,21.5,20.5,24,20,22.5,21.5,20,18,15.5,14.5,17,15.5,16.5,18,20.5,15.5,19.5,17.5,0.687569100761558,0.748211935117853,0.619504390083191,0.586406477737042,0.572540561558883,0.577486962720228,0.641042535968211,0.633684707839549,0.764828801786642,0.611308531348966,0.631707044261623,0.640457301739314,0.778048846305682,0.779888462062604,0.728815866727688,0.662070725844407,0.737008494749629,0.727867565935394,0.742231342814787,0.750956204859405,0.796966516637194,0.733112618323383,0.805175017146206,0.764925935757644,105798.002210617,6036.00000905991,3597.99994969368,3047.00004768372,29617.0016274452,7113.00012326241,4118.99986976385,2943.9999936223,124343,4794.99997365475,52742.9950256348,17363.9994828701,35.0951472986328,75.2248780142847,16.7401779437475,12.5083404855698,35.3980292559229,26.0432011690576,13.2954879322332,7.4430583548948,31.126267644269,22.2871800588357,12.2097109400133,31.011915310502,39.2049602956731,23.0252881274556,26.3853446746875,25.5395775576874,22.4278672376956,24.3312153221604,21.3361746104833,19.8038721052648,50.2122271333243,24.528501058682,16.9659468538446,18.3582971105142,0.499186991869919,0.614035087719298,0.205128205128205,0.126760563380282,0.775127768313458,0.5,0.287128712871287,0.295238095238095,0.47212420606916,0.270833333333333,0.852691218130312,0.693150684931507,761.129166666667,7.98541666666667,28.5145833333333,28.8729166666667,29.4875,29.0145833333333,32.3875,33.3645833333333,759.5,30.06875,30.0791666666667,30.3583333333333,-157754.558333337,19033.0791666669,6496.92083333329,4043.40416666663,178650.925000001,26798.9208333331,14461.3249999997,15440.020833333,-73854,13009.9124999997,678142.141666654,133845.483333332,339.870833333333,44.0145833333333,22.4854166666667,14.1270833333333,604.5125,101.985416666667,42.6125,50.6354166666667,662.5,50.93125,1775.92083333333,393.641666666667,-108.315213178297,21.3486665729285,8.12241249420492,5.48468851132684,173.186703494348,30.4683017522411,14.6103070175437,14.7255889057749,-49.85733512786,14.9122144670049,518.882789855065,121.16147798742,-35.1291666666667,23.0145833333333,7.48541666666667,5.12708333333333,149.5125,27.9854166666667,13.6125,13.6354166666667,5.5,13.93125,455.420833333333,113.641666666667,1101,52,51,43,634,131,75,84,1422,81,1806,424,228,0,24,23,30,22,27,31,310,25,44,31,0,0,0,0,0,0,0,0,0,0,0,0,0,0,0,0,0,0,0,0,0,0,0,0,0
"4451",10736,5367,1120,530,471,432.5,570.75,625.75,623.5,688.75,1250,688,851.5,793,1264.75,41,32,34.5,33,35,35.5,38,37,46,37.5,38.5,34,41,32,40.5,33.5,35,35.5,47,37,46,37.5,38.5,38,38.5,25,24.5,22.5,23.5,25.5,26,26,37,26.5,30.5,34,0.671768516405271,0.702955088992095,0.61408280801043,0.597901000728829,0.596290657059738,0.598104295674424,0.633307920262593,0.628688527525193,0.61815822486674,0.668171635550333,0.640118279949744,0.666531783071614,0.779080855234521,0.689191481955312,0.618445380646892,0.621749126341219,0.664048154237473,0.698123064849501,0.633550342642827,0.672375970660753,0.823746962328747,0.680216290806837,0.746855487472885,0.789493597578064,132031.001090348,22059.9999284744,10455.0001850128,10263.99977988,53716.0007038116,15726.9999473691,9426.00001251698,6850.00003659725,171970.999316812,10196.9999628067,105403.007419586,97167.0032467842,7.49395028061783,247.765537752362,11.8286219759169,11.0586934860985,23.5082021824154,14.464517651465,7.51234180950341,4.39780212582547,8.29755584939507,10.7625088341098,8.52684886148458,109.066544078614,21.9986284615842,26.4534115735837,18.5201846240037,20.4791261495341,17.2817085878528,18.7416385507311,14.6835241156278,13.6169569883679,32.6917412176596,17.6441441329768,13.0436916840874,26.9809969541097,0.465056082830026,0.610619469026549,0.185185185185185,0.138888888888889,0.609677419354839,0.454545454545455,0.257142857142857,0.296296296296296,0.400936037441498,0.278350515463918,0.787131689717378,0.744274809160305,757.602777777778,7.40833333333333,28.5166666666667,28.9708333333333,29.7402777777778,28.8458333333333,32.7347222222222,33.1111111111111,754.83008356546,31.9833333333333,31.3208333333333,31.0958333333333,-588055.452777795,98416.2416666537,23726.1833333343,14706.5541666674,592252.934722234,91711.929166655,49679.0402777743,53606.8888888944,-293022.392757653,38832.3166666706,2252854.90416677,512483.179166691,169.397222222222,460.591666666667,33.4833333333333,23.0291666666667,1030.25972222222,151.154166666667,49.2652777777778,52.8888888888889,366.16991643454,47.0166666666667,2283.67916666667,1626.90416666667,-132.156572420638,39.9044025157219,10.273142250531,6.38118978805396,219.778776098703,32.5928402583553,17.0287100151468,17.2583988707411,-58.6666835654582,13.4668846899228,627.177111469976,151.883044346369,-99.6027777777778,37.5916666666667,9.48333333333333,6.02916666666667,186.259722222222,28.1541666666667,16.2652777777778,15.8888888888889,-4.83008356545963,12.0166666666667,551.679166666667,126.904166666667,927,468,62,52,1060,180,82,86,1121,79,2315,1658,247,3,24,25,28,24,29,30,312,26,36,30,0,0,0,0,0,0,0,0,0,0,0,0,0,0,0,0,0,0,0,0,0,0,0,0,0
"497",9163,4581,100.25,44,41.5,35,64.75,60,52.75,54.75,94,46.25,77,67.5,105.5,13.5,7.5,7,6.5,9.5,9,8.5,8.5,12,8,10,9,13.5,7.5,7,6.5,9.5,9,8.5,8.5,12,8,10,9,10,7,7,6,8.5,8.5,7.5,7.5,10,7,9,9,0.825916366445655,0.864329720754139,0.861016858197998,0.897461534896311,0.77484069400003,0.794182343928226,0.814788175840589,0.884323202131293,0.715710907721996,0.892341733433369,0.835220378315441,0.869280635083753,0.72661022897458,0.907079313860195,0.972276877068061,0.940181255366759,0.915857331709872,0.926679692207927,0.837728416914842,0.882595737187692,0.841225891481771,0.918821740178283,0.893967464576345,0.953808701283469,8761.99999427795,1275,1195.99997532368,1011.99999850988,18980.0000296831,3292.00007343292,1013.00003254414,901,15319.9999923706,1342.99997365475,27026,4771,19.6350134026207,81.8908045142268,19.4490291363555,14.0090572251956,101.823392651651,35.1632559505107,14.0295936351778,11.1316852829738,19.832696849193,25.5765244727748,40.4342591517707,26.950269503035,32.3664908410698,25.4205313790153,28.554444463916,27.2127374348316,31.1288044890179,29.4613209923632,24.5016069243226,25.2586143591189,65.296602117024,27.8101895183199,25.4128712371047,24.5460659577136,0.385416666666667,0.584905660377358,0.205128205128205,0.150684931506849,0.879699248120301,0.583892617449664,0.30188679245283,0.352380952380952,0.217275747508306,0.307692307692308,0.926207270754205,0.776566757493188,773.517361111111,5.90625,27.3715277777778,28.0833333333333,28.8402777777778,27.9756944444444,33.1145833333333,32.34375,774.743055555556,31.4652777777778,30.75,30.59375,-39624.3263888885,3872.5625,1856.21527777776,1314.83333333334,55744.4027777771,8673.25694444435,4274.64583333336,4380.9375,-10653.5694444443,3751.65277777776,197348.5,33891.4375,54.4826388888889,37.09375,21.6284722222222,14.9166666666667,672.159722222222,98.0243055555556,42.8854166666667,41.65625,285.256944444444,42.5347222222222,1915.25,317.40625,-99.2305780687161,20.5255681818182,10.3091951137885,7.88095238095237,211.931922994422,36.0659722222222,19.3688289889415,19.5420947488584,-28.203161938534,19.9131006006006,633.792207792208,123.158101851852,-36.5173611111111,20.09375,9.62847222222222,7.91666666666667,171.159722222222,30.0243055555556,19.8854166666667,20.65625,-17.7430555555555,19.5347222222222,397.75,99.90625,828,43,49,43,701,126,76,74,1060,74,1946,348,269,1,22,25,27,21,30,29,450,27,33,29,0,0,0,0,0,0,0,0,0,0,0,0,0,0,0,0,0,0,0,0,0,0,0,0,5
"407",6807,3403,106.5,56,40.25,38.5,68,63.5,50,56.25,103,51.25,80.25,66.25,107.5,13.5,8.5,7.5,7.5,9.5,9.5,8,9,12,8,10,9.5,13.5,8.5,7.5,7.5,9.5,9.5,8,9,12,8,10,9.5,10.5,8.5,7,6.5,9,8.5,8,7.5,11,8,10,9,0.926577079933706,0.809331189104219,0.765727618682529,0.72998630049415,0.817162551459819,0.804135319429726,0.809255810390722,0.78440107818509,0.862987460462808,0.760489327994358,0.831338441990642,0.779654396604545,0.842219620520632,0.933967342668452,0.801937158616714,0.867720426343513,0.926109037730101,0.963627783556652,0.959181953756582,0.86870013255608,0.864944397831218,0.883337444483046,0.923517134781621,0.923617824070421,13988.9997220039,1903.9999935627,1413.00006276369,1209,26665.9996432066,3219.99989509583,1491.00001049042,1064.00001764297,27449.999866724,981.000038087368,37193.9997625351,6354.9991414547,32.0253606284252,114.245372455943,31.9059733190242,16.1077476310304,99.195945098604,40.4674302517197,26.2253152664485,16.6500851821389,18.3857141241951,16.4623519733281,46.4313828510836,32.953665217898,42.3300212574236,26.3252618967626,31.0830251927214,28.7129799852619,30.7391659625951,28.4012991330115,26.8141222795996,26.8134622447506,62.7660553912372,26.8516398563953,25.955436567502,25.6041487730684,0.259433962264151,0.692307692307692,0.280898876404494,0.204819277108434,0.915520628683694,0.673469387755102,0.403225806451613,0.44,0.268711656441718,0.387096774193548,0.948030176026823,0.818930041152263,772.740310077519,4.88257575757576,27.9090909090909,28.875,29.5643939393939,28.2386363636364,32.469696969697,31.9507575757576,775.592307692308,33.8295454545455,32.0719696969697,30.8977272727273,-34509.3333333332,4572.49242424238,2719.09090909089,1822.75,90292.3106060611,12745.3863636364,5729.03030303029,6107.17424242418,-5743.69230769234,5077.2954545455,262945.053030304,43256.9772727271,218.259689922481,47.1174242424242,32.0909090909091,21.125,1180.43560606061,156.761363636364,62.530303030303,67.0492424242424,391.407692307692,65.1704545454545,2821.92803030303,497.102272727273,-80.9985260399605,18.6843885281384,15.3766233766233,10.4366883116883,328.634135472372,49.9267179670725,27.800303030303,26.5247979797979,-13.8204630321136,24.6777716186254,813.055756159731,160.340008576329,-49.7403100775193,18.1174242424242,15.0909090909091,10.125,262.935606060606,45.2613636363636,29.030303030303,29.0492424242424,-20.0923076923077,25.1704545454545,562.92803030303,156.102272727273,991,52,60,50,1210,185,95,99,1167,99,2854,528,344,2,25,26,29,23,29,30,574,30,37,30,0,0,0,0,0,0,0,0,0,0,0,0,0,0,0,0,0,0,0,0,0,0,0,0,5
"481",4024,2011,116.25,54.75,38,0,71,59.25,58.5,56.5,110.75,53.75,91,83.25,121.5,12.5,8.5,7.5,0,9.5,8.5,9,8.5,12.5,8.5,11,10,12.5,8.5,7.5,0,9.5,8.5,9,8.5,12.5,8.5,11,10,12,7.5,6,0,9,8,8,8.5,11.5,8,10.5,10,0.783978986772869,0.766105453315956,0.824002134704405,0,0.786167976992694,0.811999419949227,0.914336509091136,0.832946227394497,0.850058101958536,0.823225307724222,0.829272039875184,0.817050331945477,0.923998464163093,0.884427666783804,0.802219624563176,0,0.881755463730178,0.94197890763145,0.852280656276635,0.899886782469303,0.878206565383085,0.934480116227582,0.961412560835586,0.946964495757718,24333.9996638298,2002.00008755922,1137.00002968311,952.99998909235,7969.99916410446,1590.0000128746,1503.99999779463,877.00000500679,28113.9997718334,1537.99999046326,26962.0005702972,3303.99999666214,57.6045798535097,165.607178918327,25.0259798453603,0,68.4173977736938,23.8464930352251,21.1862765442346,9.63052169982369,44.0484532264647,30.925646503718,16.4540010925194,26.5729875196326,43.8251573733242,29.6192877713417,27.5693476800819,0,26.8321489632669,26.5422413429583,23.9985604252473,22.5662716631817,62.1716583288343,26.0218031059174,22.5135429532527,22.3209869099452,0.474209650582363,0.655172413793103,0.173333333333333,0,0.795121951219512,0.433628318584071,0.308411214953271,0.339285714285714,0.337142857142857,0.306930693069307,0.913337084974676,0.713235294117647,763.776162790698,6.34302325581395,28.1627906976744,28.8052325581395,29.2790697674419,28.3866279069767,32.6220930232558,32.0755813953488,768.369186046512,32.0843023255814,31.0261627906977,30.6598837209302,-40962.2151162788,4960.29069767443,1554.88372093024,1003.65697674418,40889.372093023,5739.09883720926,4141.6627906977,4460.26744186043,-11031.4244186046,3577.0290697674,190538.284883723,28165.2965116277,178.223837209302,59.656976744186,16.8372093023256,10.1947674418605,397.720930232558,63.6133720930233,43.3779069767442,45.9244186046512,291.630813953488,39.9156976744186,1801.9738372093,212.34011627907,-88.1008939734927,22.7848306254646,8.8372093023256,0,139.826564035374,23.9298277892257,16.2240608228981,18.2297283391645,-25.7461612158117,16.1156976744185,514.454606440075,82.2830592220124,1.22383720930236,23.656976744186,8.83720930232558,0,115.220930232558,23.6133720930233,14.3779069767442,14.9244186046512,6.63081395348843,13.9156976744186,310.473837209302,72.3401162790698,942,66,45,39,427,92,76,78,1060,72,1833,243,239,1,24,24,26,21,29,30,366,26,37,30,0,0,0,0,0,0,0,0,0,0,0,0,0,0,0,0,0,0,0,0,0,0,0,0,5
"478",4940,2469,170.75,78.75,65.25,0,108.25,85,75.5,96.5,150,75.25,109.75,100.5,173.25,14.5,10.5,9.5,0,12,11,10.5,11.5,14,10.5,11.5,11.5,14.5,10.5,9.5,0,12,11,10.5,11.5,14,10.5,11.5,11.5,14.5,9.5,9,0,11.5,9.5,9.5,10.5,13,9.5,11.5,10.5,0.907530837893083,0.814335551696333,0.862327552980162,0,0.77375034727305,0.757191389361038,0.844963363265663,0.86931555155787,0.906832410500506,0.796446355176553,0.882456033543818,0.705320639100107,0.91548017103359,0.909357575316799,0.860136727794535,0,0.93166309479638,0.868937474515632,0.955475168863872,0.938946195955625,0.907087085160887,0.917742599859012,0.97006131035147,0.896520410416405,35007,2811,1724,1362,8767.99961268902,3290.99985593557,1780.9999037385,1222,44796.9993579388,1916,12789.9999322891,8545,41.309710482426,105.49213252854,17.957376925946,0,61.1624383499443,32.698007070369,10.7750397103584,8.42225125555862,36.7694626996417,24.8194308907401,15.6996776766194,83.4482395663386,38.3102044911099,25.4135918342659,25.0243661477804,0,24.7323862084008,28.3877532911561,21.5670869500504,20.4828467969219,55.3745505853044,26.8348894227113,18.366497545122,25.589975166357,0.501321585903084,0.6,0.150684931506849,0,0.766304347826087,0.405405405405405,0.178947368421053,0.242105263157895,0.381736526946108,0.244444444444444,0.8193315266486,0.717717717717718,763.4375,7.546875,28.0625,28.6640625,29.3489583333333,29.0885416666667,33.9114583333333,33.2890625,768.221354166667,30.703125,30.7369791666667,30.7890625,-71574.1875,7244.015625,2381.6875,1467.8046875,52826.1718749995,7998.64062499992,4457.35937500002,5105.6796875,-29108.3984375003,4321.734375,222269.273437502,44806.1796875,162.5625,66.453125,16.9375,10.3359375,321.651041666667,58.9114583333333,26.0885416666667,26.7109375,369.778645833333,33.296875,1020.26302083333,449.2109375,-104.933839677892,23.2436011904762,8.22485632183908,0,118.085221805234,22.9820465686273,13.1415217991169,12.7161188471503,-49.2330208333337,13.3101640365449,487.816551585045,107.069146455224,3.5625,24.453125,7.9375,0,106.651041666667,20.9114583333333,13.0885416666667,11.7109375,11.7786458333334,13.296875,491.263020833333,102.2109375,926,74,45,39,351,88,60,60,1138,64,1051,480,186,3,23,25,28,20,30,30,327,25,37,30,0,0,0,0,0,0,0,0,0,0,0,0,0,0,0,0,0,0,0,0,0,0,0,0,5
"4433",19421,9710,140.5,73.5,0,0,90.5,69.25,43,51.5,129.75,51.75,106.25,91.25,144.25,13.5,9.5,0,0,11,10,7.5,9,13,8.5,12,11,13.5,9.5,0,0,11,10,7.5,9,13,12,12,11,13,9.5,0,0,10,9.5,7.5,7.5,12.5,8,11,10.5,0.902048660332765,0.725664688687687,0,0,0.88887441565137,0.805571660971983,0.706822035212094,0.854443838124099,0.868504804772835,0.849380325696933,0.908133060333075,0.629752275639425,0.913276110972698,0.966626212092621,0,0,0.913952201658447,0.974780729228802,0.853022255501119,0.931556838141967,0.929514046897631,0.959744562455293,0.917164245813761,0.986364073701186,46834.0000915527,3093.00005817413,1557.00000298023,1230.99999785423,9646.00006914139,3874.99998921156,2066,1973.99999833107,47325.0000990033,2661.99999672174,19880.000043869,9327.99982523918,92.5419933394803,268.035898666055,0,0,111.783149635245,74.4587646205153,23.1753939422773,22.2022371017449,73.4273807508189,87.8218086493818,48.1162210303833,166.801734344368,56.6473425796182,36.2039632935301,0,0,35.8202178619417,44.4513148645974,38.4595857995457,38.3298726617014,64.0109819381822,51.2889120132941,25.6174622590418,34.8652099021921,0.483163664839467,0.72,0,0,0.701754385964912,0.391304347826087,0.2,0.152941176470588,0.472913616398243,0.289473684210526,0.833610648918469,0.752380952380952,769.72619047619,7.27678571428571,27.6607142857143,28.3779761904762,29.1041666666667,28.9285714285714,34.375,33.6369047619048,768.482142857143,30.297619047619,30.0863095238095,30.7857142857143,-44836.0119047621,4812.29464285719,961.767857142845,604.907738095241,19596.8958333332,3383.21428571426,1587.625,1939.50595238093,-25497.1964285709,1639.27380952381,87826.1994047606,26948.642857143,497.27380952381,61.7232142857143,10.3392857142857,7.62202380952381,198.895833333333,44.0714285714286,20.625,21.3630952380952,436.517857142857,21.702380952381,633.91369047619,442.214285714286,-80.0927385188954,16.4579081632654,0,0,52.9013581952117,13.4721505930892,6.75872093023256,8.04270688858064,-50.0755917974117,7.78933747412009,202.953690476188,72.2225048923682,-13.7261904761905,16.7232142857143,0,0,40.8958333333333,12.0714285714286,6.625,7.36309523809524,-7.48214285714289,7.70238095238095,200.91369047619,61.2142857142857,1267,69,38,36,228,73,55,55,1205,52,664,473,232,0,23,24,26,15,27,29,283,17,31,29,0,0,0,0,0,0,0,0,0,0,0,0,0,0,0,0,0,0,0,0,0,0,0,0,0
"448",19183,9591,91.25,47,43.75,35.5,62.5,60.5,52.75,60,89.25,49,91.25,70.25,101.5,11.5,8,7.5,7,9,9,9,8.5,11.5,8,11,10,11.5,8,7.5,7,9,9,9,8.5,11.5,8,11,10,10,7.5,7,6.5,8.5,8.5,7.5,8.5,10,7.5,10.5,9,0.880139003106041,0.916223657413278,0.845568495343115,0.780677273066595,0.838663851199355,0.845197625845738,0.912940699291058,0.850769767666813,0.896116914807466,0.858449696304094,0.893821805020277,0.875125561053438,0.813721300224847,0.912929477369187,0.859075191904709,0.877691117185414,0.879852780996427,0.853564576899781,0.855482091155663,0.958104553266341,0.818487578591955,0.922307917964938,0.934507910873033,0.935893183819608,10578.0001829863,1120,915.000007271767,861.999983489513,16184,2755,988.999994218349,1024,14292.9998598099,1273.99993538857,31926.0020751953,5191.00063562393,30.0978583412065,68.1838208638911,12.1747700394218,14.9886195966357,43.8132050647541,22.9081561591305,10.2578037593194,9.25683457772022,24.5478651441963,20.1190614473226,23.1746034273955,18.1534390797445,36.0404803657801,26.3567592338428,25.131725026045,25.1927890161297,26.7669632300596,26.1480803854174,22.9393198788271,23.2453356773454,56.9435373158161,24.5992813317565,23.8452230783711,23.5913159274933,0.423875432525952,0.655172413793103,0.27906976744186,0.189873417721519,0.881040892193309,0.666666666666667,0.34453781512605,0.372881355932203,0.212508884150675,0.351851851851852,0.930705933304461,0.790393013100437,772.23417721519,7.046875,27.540625,28.434375,29.265625,28.6875,34.16875,33.578125,773.940251572327,30.696875,30.5875,30.596875,-37389.0759493673,4127.96875,2562.50624999998,1711.64374999999,84207.15625,12336.875,4495.48750000004,4769.28125,-8885.74213836473,4085.06874999998,219633.475000001,36609.6687499998,78.7658227848101,42.953125,30.459375,20.565625,1069.734375,154.3125,48.83125,50.421875,150.059748427673,48.303125,2416.4125,394.403125,-103.067053927519,21.4478058510638,13.5222321428571,10.1923855633803,325.454375,49.3414256198347,19.139306872038,18.7802083333333,-25.895433645156,19.3949617346938,597.804280821921,126.200278024911,-5.2341772151899,22.453125,12.459375,9.565625,236.234375,36.3125,16.83125,15.421875,3.05974842767296,17.303125,299.4125,87.403125,851,50,58,49,1099,183,83,84,924,79,2447,425,279,3,25,26,36,21,31,31,469,27,45,34,0,0,0,0,0,0,0,0,0,0,0,0,0,0,0,0,0,0,0,0,0,0,0,0,5
"411",16516,8257,130,49.75,31.5,0,69.5,49.5,34.5,49.75,149.25,47.25,68.5,71.25,149.25,12.5,8.5,7,0,9.5,8.5,6.5,8,14,7.5,9,10,12.5,8.5,7,0,9.5,8.5,6.5,8,14,7.5,9,10,12,7.5,5.5,0,8.5,8,6,8,13.5,7.5,9,9,0.779788450657099,0.741728899641166,0.770399297849744,0,0.845760719214883,0.815777660492033,0.811945919189906,0.916315799593265,0.789419710364901,0.884066188063592,0.952818179714769,0.777775611762722,0.926931838973796,0.859474825251523,0.746027190016525,0,0.919498760007956,0.894419599305067,0.948582264901249,0.978382081460298,0.905681522192453,0.986163201761388,0.961868836945712,0.892549868861127,27166.0000505447,1701.00004851818,1171.99999469519,1180.99998211861,3191.00001835823,2210.00000202656,1263.99997353554,651.999974429607,27405.0000479221,1121.00000184774,7711.00015830994,5364.99997973442,26.5568960938281,72.1678604471622,11.9735650221355,0,11.954525011178,21.7688038837437,9.02702061646639,3.47053433774271,9.06833570357757,7.49213348951515,5.33616024801876,47.7832119492835,38.5843427908397,26.5958867507967,23.6709129136333,0,21.5075451671207,28.2033296897426,23.0553313623488,17.7764287890563,43.0720078410484,23.2126178885452,18.3050698528578,27.3296749900871,0.563973063973064,0.672727272727273,0.142857142857143,0,0.684887459807074,0.36,0.177777777777778,0.191011235955056,0.426584234930448,0.181818181818182,0.718045112781955,0.707602339181287,763.933139534884,5.40406976744186,27.8720930232558,28.7151162790698,29.0697674418605,28.0610465116279,31.8924418604651,31.3662790697674,768.183139534884,33.2412790697674,31.0755813953488,30.7151162790698,-38459.0843023261,4055.77034883723,1262.36046511629,697.075581395345,25567.3488372097,3846.55523255816,2434.2122093023,2865.33139534879,-13661.3343023258,2160.95639534882,119256.877906978,24547.0755813956,213.066860465116,46.5959302325581,14.1279069767442,10.2848837209302,258.93023255814,41.9389534883721,21.1075581395349,23.6337209302326,210.816860465116,19.7587209302326,965.924418604651,358.28488372093,-75.9812164579616,21.2642719411009,7.28663713547432,0,83.0992973063414,17.9591555085741,11.4046595888102,11.2065852518406,-22.8833070390717,9.48887966039131,372.139747071806,77.7410240718076,21.0668604651163,21.5959302325581,7.12790697674419,0,63.9302325581395,16.9389534883721,11.1075581395349,10.6337209302326,17.8168604651163,8.75872093023256,310.924418604651,56.2848837209302,977,52,42,39,288,70,53,55,979,53,997,389,216,-1,23,24,25,18,29,28,317,30,41,31,0,0,0,0,0,0,0,0,0,0,0,0,0,0,0,0,0,0,0,0,0,0,0,0,5
"384",1216,607,149,60.5,0,0,122,61.25,59.25,78.5,163.75,63.75,113.75,136.75,166,13.5,9,0,0,13,9,9,10.5,14,9.5,12.5,13,13.5,9,0,0,13,9,9,10.5,14,9.5,12.5,13,13,8.5,0,0,12,8,8.5,9.5,13.5,8.5,11.5,13,0.795285035949092,0.783568101674046,0,0,0.845759385034167,0.845666815156366,0.942080377799989,0.921283087544586,0.83028377485927,0.950283257730111,0.902674587082019,0.902681202931895,0.972778754922027,0.917180627448084,0,0,0.924009887750156,0.86615881470406,0.928582878042463,0.888621559340907,0.966595614755781,0.897504352369566,0.931714589423517,0.929651419131025,32716.0000505447,1543.00001454353,1294.99999237061,1265.99999666214,2854.00011444092,2217.99989563227,1297.99996709824,571.000016450882,36184.000026226,955.999963521957,8410.00005722046,1485.99982190132,22.1272651930137,60.5947139407868,0,0,10.2481165457886,20.7630027226107,6.40040222729405,2.57662681377827,9.26804393948474,5.2010164407686,2.50088507003601,3.35469841101029,38.3665037022335,25.3236338103275,0,0,17.4863358525888,26.0235990917921,19.7862076093515,16.7723022957973,43.1292436108911,18.7610840100266,15.7636057486682,16.067020776743,0.535858178887994,0.565217391304348,0,0,0.668016194331984,0.310344827586207,0.173913043478261,0.225806451612903,0.382461311717023,0.191011235955056,0.776536312849162,0.607843137254902,770.927884615385,5.96394230769231,28.0168269230769,28.6538461538462,29.2115384615385,28.2932692307692,32.6610576923077,32.0961538461538,776.115384615385,32.3725961538462,31.3966346153846,30.6009615384615,-43198.1153846149,4201.94230769228,1340.82692307693,950.846153846145,31524.5384615383,4331.26923076923,4189.05769230772,4587.1538461538,-14635.6153846151,3583.59615384614,200820.634615386,26839.9615384617,218.072115384615,33.0360576923077,11.9831730769231,8.34615384615385,205.788461538462,30.7067307692308,24.3389423076923,27.9038461538462,209.884615384615,23.6274038461538,1142.60336538462,150.399038461538,-74.3171463603503,18.0856444691672,0,0,62.1901008827235,15.2618328100472,13.2756511684518,12.2828270455659,-22.568819729888,11.5411293363499,411.737431318683,47.7116527211366,20.0721153846154,19.0360576923077,0,0,43.7884615384615,15.7067307692308,12.3389423076923,10.9038461538462,21.8846153846154,11.6274038461538,318.603365384615,35.3990384615385,989,39,40,37,235,59,57,60,986,56,1174,181,242,-1,23,24,29,19,27,30,368,28,52,33,0,0,0,0,0,0,0,0,0,0,0,0,0,0,0,0,0,0,0,0,0,0,0,0,5
"426",242,120,126.25,44.75,42.5,0,92.25,87.25,60.25,73,130,54.75,99.25,107.25,134.75,13.5,7.5,7.5,0,11,10.5,9.5,9.5,15,8.5,11.5,12,13.5,7.5,7.5,0,11,10.5,9.5,9.5,15,8.5,11.5,12,12,7.5,7,0,10.5,10,8,9.5,12,7.5,10.5,11,0.872096374216717,0.933672276764214,0.842510087121502,0,0.88883608931936,0.886638097428798,0.85800531922169,0.891577851048064,0.837649898758209,0.919126962085605,0.890174935561177,0.919485166829399,0.869880594802635,0.99302805638907,0.849600130152397,0,0.976922473551664,0.936455526409964,0.857592888160349,0.916269099037995,0.834116944222052,0.848130050345818,0.93057230369505,0.904597446892999,22225,1496.99996078014,1041,890.999961495399,6650.00003302097,1312.00005382299,1156.00000554323,662,29376.9995877743,1265.99998235703,11376,2277,39.3341042064216,83.5625193918709,14.9164098569768,0,20.1653490744705,15.0804702146234,13.7310096963138,5.70328695890436,23.8445712721747,14.9865489305486,6.44403941286514,8.04864056252287,41.8519319508652,27.2642892194852,21.9920715939583,0,20.8362485436654,21.7892842898798,20.8357067872407,19.1217513268907,51.0277037616939,22.9996703992991,18.4097795784686,19.0692243988226,0.508515815085158,0.6,0.205128205128205,0,0.79896013864818,0.511450381679389,0.24,0.272727272727273,0.377746279234585,0.237113402061856,0.840845070422535,0.707482993197279,782.640625,5.42447916666667,27.7265625,28.6354166666667,28.9973958333333,28.0260416666667,33.2213541666667,32.109375,787.111979166667,32.8958333333333,30.90625,30.890625,-38915.296875,4266.20572916665,2378.3828125,1599.51041666665,73753.4036458336,10588.9635416667,4229.69010416667,4787.046875,-13190.3567708333,3889.1458333333,204266.53125,34239.953125,198.359375,36.5755208333333,20.2734375,14.3645833333333,584.002604166667,83.9739583333333,30.7786458333333,32.890625,219.888020833333,29.1041666666667,1325.09375,232.109375,-77.9020111386139,23.0336213919926,11.5969669117647,0,192.913173272358,28.6845600525311,14.8159902316736,14.9077482876712,-25.6812099358975,15.3370433789954,498.317931360201,77.7783726689977,20.359375,26.5755208333333,12.2734375,0,138.002604166667,19.9739583333333,14.7786458333333,13.890625,13.8880208333334,15.1041666666667,373.09375,49.109375,981,42,48,43,613,112,64,65,1007,62,1356,263,243,0,24,26,27,26,29,30,373,29,37,33,0,0,0,0,0,0,0,0,0,0,0,0,0,0,0,0,0,0,0,0,0,0,0,0,5
"480",6137,3068,88.5,51.25,39.25,33.25,60.75,54,44.25,43.5,84.75,43.25,70.5,62.25,92,11.5,8.5,7,6,9,8.5,7.5,8,10.5,7.5,9.5,9,11.5,8.5,7,6,9,8.5,7.5,8,10.5,7.5,9.5,9,10,7.5,6.5,6,8,7.5,7,7,9.5,7,9,8.5,0.820598832704963,0.804578023980198,0.831246895179191,0.808148455766795,0.850281149092794,0.852375300631826,0.867504867257521,0.872509659890744,0.863670486431391,0.908983564671268,0.886624910985519,0.800793840854852,0.884499319474122,0.908838469524594,0.874306066953574,0.921794918408199,0.908481587251043,0.926176168615634,0.894541963273171,0.842195716792588,0.905128204286537,0.944509978296953,0.943484308728492,0.953223067401793,14138.0000522137,1503.00002968311,1103.00000095367,878.999976992607,27210.9982633591,3553.00003123283,1400.99992847443,1523.00001692772,24043.9999804497,1257.00002145767,52817,7857.00003194809,33.7967265647884,127.094627163298,24.8173858139712,17.1766406673537,95.8405392084641,58.6301754657859,25.0071417317791,22.5842450431353,36.925998387984,35.2880537722724,72.4855258107114,65.0864904950806,50.5230251324209,30.2206898753269,30.3818757233302,30.3248487713189,31.6627824151301,31.2696090602123,31.1522446072297,31.1288583580849,70.5146048000403,30.8326196516868,29.4550363069128,28.4402719689395,0.403624382207578,0.672131147540984,0.302325581395349,0.219512195121951,0.907351460221551,0.670103092783505,0.378151260504202,0.414634146341463,0.301645338208409,0.37037037037037,0.945872801082544,0.798029556650246,771.493006993007,7.15972222222222,27.6180555555556,28.5277777777778,29.4826388888889,28.9756944444444,34.4479166666667,33.4722222222222,774.295138888889,31.0972222222222,31.1875,30.8888888888889,-27656.4265734268,3780.22222222223,2279.55555555554,1573.77777777777,73200.3888888886,10505.9444444444,3832.16666666669,4148.22222222222,-6249.61111111107,3446.22222222223,183889,31910.8888888887,194.506993006993,47.8402777777778,32.3819444444444,23.4722222222222,977.517361111111,142.024305555556,50.5520833333333,59.5277777777778,539.704861111111,48.9027777777778,2242.8125,371.111111111111,-78.2302951286008,17.4695460704607,13.560288393489,10.3669590643275,297.55028292181,48.2187499999999,21.0040607344633,22.7519157088123,-18.3393866764994,20.0010436737316,647.645833333333,126.187416331994,-47.993006993007,14.8402777777778,11.3819444444444,9.47222222222222,187.517361111111,34.0243055555556,17.5520833333333,20.5277777777778,-17.2951388888889,18.9027777777778,362.8125,94.1111111111111,966,55,60,52,1007,171,85,93,1314,80,2274,402,281,4,24,23,28,22,31,31,426,27,34,30,0,0,0,0,0,0,0,0,0,0,0,0,0,0,0,0,0,0,0,0,0,0,0,0,5
"538",10433,5216,104.25,45.5,31,0,73.75,46,46,55,103.75,41.5,86.25,66.5,111,12.5,7.5,6.5,0,10,8.5,8.5,8.5,11.5,7.5,10.5,9.5,12.5,7.5,6.5,0,10,8.5,8.5,8.5,11.5,7.5,10.5,9.5,11,7,6,0,9,7,7,8,11,7,10,9,0.92034531412313,0.886818604999978,0.83150401068043,0,0.826201230145014,0.859542049014477,0.837750776007732,0.888243172733109,0.913219911028085,0.86450553032502,0.852707409277456,0.76811734020941,0.87763636034069,0.935106014359969,0.842904531157014,0,0.912622084090546,0.848545712635071,0.839150836919143,0.945359798386411,0.926362822789474,0.892369557109987,0.938215095169936,0.940866927102397,19170.9999665022,1764.99993348122,945.999975204468,879.000011146069,7663.00001621246,1817,885.000004172325,599.000003099442,18085.0000447631,922.999988794327,14359.9998002052,5478.99975395203,43.2617969649668,98.4634289257656,17.1871690022404,0,53.7563814082811,20.4695238724163,9.66605122034707,5.60210980197317,16.7732660626471,11.7996740257816,15.2388512264513,45.3986927033663,41.8915484973285,29.2697921054519,26.8127819912656,0,26.9805954642078,28.1817162471031,22.2066444415782,21.2199810168324,52.9849342764895,23.9997833494683,21.4961027718566,28.0237900613081,0.472894078398666,0.672727272727273,0.111111111111111,0,0.731543624161074,0.319587628865979,0.221052631578947,0.225806451612903,0.274052478134111,0.2,0.855357142857143,0.732937685459941,763.49375,6.49375,27.928125,28.871875,29.409375,28.6875,32.915625,32.3375,767.1375,32.053125,31.2125,30.615625,-37525.2250000003,4159.77500000001,1134.91250000001,681.887499999996,26529.2375000002,3918.75,2791.46249999998,3051.14999999998,-13223.0500000001,2440.41250000002,134005.650000001,25491.6625000002,162.50625,44.50625,15.071875,9.128125,264.590625,38.3125,27.084375,26.6625,154.8625,23.946875,1104.7875,360.384375,-90.6736061151087,22.8963598901099,7.43477822580644,0,86.5668961864411,20.2907608695652,12.5082880434782,12.4715909090909,-32.4097891566268,12.7541039156627,379.630978260872,91.3392622180455,9.50625000000002,24.50625,7.071875,0,73.590625,21.3125,12.084375,11.6625,7.86249999999995,12.946875,263.7875,73.384375,926,51,43,38,294,67,60,59,922,56,1136,391,268,0,24,25,29,22,31,31,448,29,39,31,0,0,0,0,0,0,0,0,0,0,0,0,0,0,0,0,0,0,0,0,0,0,0,0,5
"391",16255,8127,102,55.5,39.75,0,65.75,52.25,51.75,55,103.75,40,79.25,65.75,107.25,11.5,9,8,0,9.5,8.5,8,9,11.5,7,10,10,11.5,9,8,0,9.5,8.5,8,9,11.5,7,10,10,11.5,8,6.5,0,9,8,8,8,11.5,7,9.5,8.5,0.824963906848065,0.668535129243822,0.724487995567335,0,0.739854557240812,0.713796465242462,0.908245845245358,0.826323160514094,0.828431410780385,0.784492090170105,0.844487741722246,0.555374552999158,0.977588946736978,0.82202341503995,0.799039506796729,0,0.953368584952601,0.917781413057526,0.906414244604536,0.900661403694147,0.948657671160618,0.905515959918016,0.953423060727726,0.841067861588711,21041.0000371933,1886.99999284744,1489.00000429153,776.999996781349,8109,2024.99992775917,1537.99997103214,705.999965071678,26437.9998705387,1522.99996215105,13675.9997081757,6377.99991130829,51.3336767364854,160.610023624705,31.5407802613712,0,119.556965868874,49.3783417238857,27.5823465880229,8.64811812285943,44.2739959117915,29.3659858090288,45.2136788842328,189.935317291565,51.613196976108,29.6789388705705,33.3094279683496,0,30.8216009721142,32.3554249626939,30.5377553389098,23.5878303265495,71.1274811992309,32.7210476770603,24.6491520882688,36.0616807167446,0.355573637103336,0.692307692307692,0.183098591549296,0,0.80352644836272,0.426086956521739,0.239130434782609,0.252747252747253,0.354716981132075,0.269230769230769,0.882017126546147,0.81858407079646,764.097222222222,4.98263888888889,28.0555555555556,28.6145833333333,29.125,28.0555555555556,31.0208333333333,30.6145833333333,769.461805555556,33.6701388888889,31.2152777777778,30.5381944444444,-33170.7083333333,4217.4479166667,1453.16666666665,867.343749999995,31918.375,4644.16666666664,2797.06249999998,3166.34374999998,-11550.1145833332,2437.51041666669,123381.645833333,28706.1145833331,203.902777777778,52.0173611111111,17.9444444444444,13.3854166666667,437.875,64.9444444444444,27.9791666666667,28.3854166666667,574.538194444444,39.3298611111111,1222.78472222222,677.461805555556,-81.3594771241828,18.2245683183184,7.90670859538783,0,118.483365019011,22.1549707602339,12.8342391304348,13.5854166666666,-27.8786730254349,13.4923611111111,383.519737995091,106.636710498521,-28.5972222222222,18.0173611111111,7.94444444444444,0,110.875,20.9444444444444,11.9791666666667,13.3854166666667,-27.4618055555555,12.3298611111111,349.784722222222,94.4618055555556,968,57,46,42,467,93,59,59,1344,73,1254,708,302,0,24,25,28,19,27,28,378,30,34,28,0,0,0,0,0,0,0,0,0,0,0,0,0,0,0,0,0,0,0,0,0,0,0,0,5
"437",19642,9820,196.75,80,62.75,0,123.25,87,64,84.75,165.75,73.25,107.25,114,197,19,10.5,10,0,13.5,11.5,9,10.5,14.5,10,11.5,12.5,19,10.5,10,0,13.5,11.5,9,10.5,14.5,10,11.5,12.5,15,10,8.5,0,11.5,10.5,8.5,10,14,9.5,11.5,11.5,0.854899396445798,0.748744079966389,0.780329638616754,0,0.704052596871593,0.742344347791305,0.828236931473171,0.837282054689117,0.874399784074348,0.786462031057925,0.843073153969716,0.798353706378299,0.823792751587595,0.90621801618456,0.804842289722121,0,0.864094252343934,0.911705921163248,0.889150918583094,0.91409409589079,0.966617251121735,0.946375177170485,0.976937087130264,0.954779037608824,35741.9999485016,2727.99999916553,1599.99999916553,1362.99999964237,5866.00023210049,2444.99998950958,1669.99998235703,784.999998450279,47850.9999998808,1851.99994158745,11186.0000917912,8987.00037813187,37.616115685803,240.578318424579,14.5387621501201,0,20.3303965760153,19.5154734148158,12.8925350745097,4.94598035154348,33.1332255164062,14.2690980039021,5.89114041973673,48.4977102399049,35.08375863344,28.3780998053836,23.1828809033446,0,20.2597973873023,23.7932551460459,19.5626808734354,17.1850894156017,51.5801009024652,24.5317747013897,16.4759577666478,23.4659878717963,0.546712802768166,0.696969696969697,0.138888888888889,0,0.738095238095238,0.36,0.213483146067416,0.235955056179775,0.396423248882265,0.191489361702128,0.755834829443447,0.755208333333333,764.745,4.8675,27.96,28.7125,29.1125,28.02,30.8225,30.2475,768.66,33.4325,31.32,30.3625,-74543.059999999,8120.40999999989,2195.51999999998,1217.54999999998,49979.349999999,7470.23999999981,4497.8699999999,5167.96999999989,-26721.0799999999,3954.19000000006,208133.839999996,48465.3499999991,176.255,125.1325,14.04,9.2875,287.8875,44.98,26.1775,27.7525,224.34,24.5675,1034.68,343.6375,-94.7361054637853,25.5856249999999,7.7053386454183,0,97.49399087221,20.5173563218389,13.7673437499999,13.4752138643068,-41.5152036199094,12.0555546075086,447.45855477855,100.854605263157,11.255,24.6325,8.04,0,74.8875,20.48,14.1775,12.7525,16.34,11.5675,385.68,75.1375,941,130,42,38,317,73,57,58,993,58,1066,374,224,-1,24,24,24,22,24,27,336,25,32,29,0,0,0,0,0,0,0,0,0,0,0,0,0,0,0,0,0,0,0,0,0,0,0,0,5
"439",6599,3299,101.5,39.75,0,0,72.25,47.5,0,0,100.75,26,87.5,85.25,105,11.5,7,0,0,10,8.5,0,0,11,5.5,11,11,11.5,7,0,0,10,8.5,0,0,11,5.5,11,11,11,7,0,0,9.5,7,0,0,11,5.5,10,10,0.943669033313534,0.92474138872164,0,0,0.837969947580211,0.898303258875007,0,0,0.926308861329916,0.929856926541374,0.909065120066761,0.942994671071495,0.935638939396369,0.987056094234893,0,0,0.962169319756111,0.826768387216799,0,0,0.950198181744363,0.944391274709796,0.922982147276758,0.954458361975006,22439.0004575253,1386.99999141693,818.999995052814,853.999993801117,5921.99995684624,1403.99994361401,970.999987900257,495,21312.9999907017,1037.00002777576,5874.99989891052,1730.00000584126,43.9055081780601,111.757828484577,0,0,47.8552710174977,29.6610511377794,0,0,23.9258141371574,15.8374559388541,14.9386639011902,14.5244998067042,46.3051062958579,28.8632480925556,0,0,26.7918565622238,28.8807125866445,0,0,55.9922074283271,25.9115733980732,21.1886782574004,22.1351659727832,0.44293695131684,0.590909090909091,0,0,0.701388888888889,0.319148936170213,0,0,0.302881236823612,0.152941176470588,0.803571428571429,0.57396449704142,763.871875,5.553125,28.065625,29.00625,29.325,28.16875,32.2375,31.53125,767.996855345912,33.24375,31.028125,30.61875,-26953.1875000002,2905.68750000002,1009.43750000001,647.374999999995,25950.4999999998,3680.12500000003,1578.25000000001,1923.875,-8818.67924528293,1586.62499999999,81861.1875000006,13726.1250000001,171.128125,32.446875,12.934375,7.99375,295.675,36.83125,16.7625,16.46875,201.003144654088,16.75625,661.971875,108.38125,-66.751185344828,18.8745479559749,0,0,86.2770761245671,18.2365131578948,0,0,-22.2176990183683,9.99663461538463,229.20330357143,39.4017778592378,12.128125,19.446875,0,0,68.675,18.83125,0,0,7.00314465408803,10.75625,159.471875,26.38125,935,38,41,37,325,65,49,48,969,50,693,139,206,0,24,25,31,25,28,29,375,30,39,32,0,0,0,0,0,0,0,0,0,0,0,0,0,0,0,0,0,0,0,0,0,0,0,0,5
"515",18446,9222,147,50.75,0,0,143,49,0,0,156.5,0,122,110.75,161.5,14,8,0,0,13.5,8,0,0,14,0,13,13,14,8,0,0,13.5,8,0,0,14,0,13,13,13,7.5,0,0,13.5,7,0,0,13,0,12,11.5,0.904636442434168,0.87135177844337,0,0,0.875344217850949,0.882115424135939,0,0,0.858502888792262,0,0.868355732042834,0.883905082414805,0.936482395763674,0.944271798471066,0,0,0.972678366312418,0.86099458746548,0,0,0.923964069375395,0,0.923376921197022,0.90580637633447,29925.0001425743,1639.00002092123,1107.00000697374,1280.99999588728,2041.99998474121,1954.99998688698,1436.99995946884,492.999986171722,33562,934.000016927719,3587.0001373291,2784.9999833107,14.5626222490903,64.0684934409901,0,0,7.80651402552245,14.5496362858365,0,0,6.73044294106209,0,1.72136242195446,12.4683427879157,35.9387240047701,24.589885455665,0,0,16.1283450442628,25.1511721825676,0,0,38.44962735664,0,14.4628272563969,19.0413909105935,0.579391891891892,0.63265306122449,0,0,0.602150537634409,0.25,0,0,0.464369616288175,0,0.698541329011345,0.564766839378238,764.369680851064,5.28457446808511,28.1170212765957,28.8005319148936,29.0505319148936,27.9574468085106,31.3909574468085,30.9707446808511,768.625,33.5425531914894,31.2234042553191,30.4601063829787,-39769.8138297876,3773.16489361709,1061.40425531914,686.856382978713,24368.3563829785,3539.48936170211,2108.44148936172,2682.89893617019,-16348.75,1761.51063829789,107378.680851064,19773.7712765955,227.630319148936,37.7154255319149,10.8829787234043,6.19946808510638,135.949468085106,28.0425531914894,16.6090425531915,15.0292553191489,194.375,13.4574468085106,533.776595744681,150.539893617021,-68.8526740483433,19.7252777486638,0,0,41.7938736795116,15.3078593139383,0,0,-26.2687699680511,0,206.233562957797,41.5195775899328,18.6303191489362,21.7154255319149,0,0,27.9494680851064,14.0425531914894,0,0,19.875,0,163.276595744681,29.5398936170213,992,43,39,35,165,56,48,46,963,47,565,181,202,-1,24,25,31,16,24,29,281,30,47,33,0,0,0,0,0,0,0,0,0,0,0,0,0,0,0,0,0,0,0,0,0,0,0,0,5
"410",2773,1386,99.5,63.75,35.25,0,76.75,58.25,48.75,48.25,99.25,45.5,80.25,68.5,103.25,11.5,9,7.5,0,10,9,8,8,11,8,10.5,9.5,11.5,9,7.5,0,10,9,8,8,11,8,10.5,9.5,10.5,9,6,0,9.5,8.5,7.5,7,11,7,9.5,9,0.912949555086107,0.690739971430091,0.760332959038694,0,0.774969239145951,0.70187086123398,0.855111605432231,0.78541730030793,0.783199018500078,0.704872009121826,0.792325370300976,0.622319043257733,0.919801286336619,0.918093921019818,0.727661006000169,0,0.926691045340498,0.947799019412691,0.998308780733649,0.875278709908288,0.95215025997242,0.828508009992933,0.891172800530043,0.828548400065386,20513.9999637604,1994.99992227554,1436.99999338388,827.999996781349,6787.99954867363,1768.00000274181,1444.99998652935,949.00000333786,31923.9999169111,1213.99997925758,16271.9991531372,4986.99991559982,36.8792869020178,143.230697278318,27.3046633319701,0,32.8263435372291,30.2704268415336,29.2530453704269,11.0433152006688,51.6949397630218,26.6090132532273,23.7595094957043,86.0394866809905,54.0096109984423,28.9933978886291,35.3717495106713,0,25.2584987750483,29.5644536231741,29.8575135500606,25.7638947621736,60.9469473144152,31.739264738414,24.1952632040102,29.9560256921013,0.33879374534624,0.625,0.184210526315789,0,0.798319327731092,0.407407407407407,0.326732673267327,0.345794392523364,0.513725490196078,0.320388349514563,0.938666666666667,0.794444444444444,765.152777777778,5.80208333333333,28.1354166666667,28.9722222222222,29.0694444444444,28.1423611111111,31.5729166666667,31.1423611111111,769.027777777778,32.3055555555556,31.1215277777778,30.3819444444444,-33072.0972222222,4291.73958333334,1506.07291666666,855.47222222223,35031.3194444442,5005.20486111107,3422.38541666669,3845.20486111107,-8994.47222222215,3049.80555555553,152872.809027777,26025.2569444443,431.847222222222,47.1979166666667,19.8645833333333,11.0277777777778,326.930555555556,53.8576388888889,41.4270833333333,44.8576388888889,859.972222222222,44.6944444444444,1638.87847222222,436.618055555556,-83.2507677275264,16.2959558823529,8.41777482269503,0,113.213943177705,21.8790981163566,17.7399038461539,19.4742191997696,-22.6247551077524,16.6779609279609,473.996852284525,94.212946066504,-55.1527777777778,15.1979166666667,7.86458333333333,0,89.9305555555556,20.8576388888889,16.4270833333333,18.8576388888889,-22.0277777777778,15.6944444444444,314.878472222222,79.1180555555556,1197,53,48,40,356,82,73,76,1629,77,1670,467,377,3,24,25,28,20,27,28,399,27,34,28,0,0,0,0,0,0,0,0,0,0,0,0,0,0,0,0,0,0,0,0,0,0,0,0,5
"458",3822,1910,135.5,72.25,83.25,67.5,92,96.25,106.5,106.5,135,96.5,120.75,100.75,142.25,13.5,9.5,10.5,9.5,10.5,11.5,12,11.5,13,11.5,12.5,11.5,13.5,9.5,10.5,9.5,10.5,11.5,12,11.5,13,11.5,12.5,11.5,12.5,9.5,10,9,10.5,10.5,11,11.5,12.5,11,12,11,0.938044606450415,0.909352302235374,0.909788752067695,0.864426653403328,0.940933305542244,0.915853018573358,0.947944555776612,0.915772125857715,0.841466821611352,0.889825960105294,0.949133845715659,0.887500225405233,0.925267882928049,0.895419796233456,0.924500215343876,0.950527351628973,0.966072025735157,0.942489047369114,0.912841781451835,0.931576717406425,0.9038668453218,0.937475625243332,0.922914650107187,0.9358487170547,24126.0001130104,2005.00000989437,1065.00000560284,1127.00003629923,21937.9970645905,3462.00000071526,1161.99999415874,986.999992132187,36502.0005249977,1587.99997758865,32757.0000915527,9376.99989795685,35.7324015477574,56.0580331988932,11.6798812753821,12.6804865431612,32.1387730316861,18.5392628485993,12.5318761853881,7.37824168392476,32.0868137569307,17.300492262215,14.9851089942133,23.4653902041698,33.6473406745727,23.2858832829996,21.2633119392135,22.0836155860541,21.9161106211186,21.5222358415143,19.4313667239931,18.9842544416479,57.5516310197267,21.0222872364338,19.4008606535241,20.8392514687199,0.52580927384077,0.733333333333333,0.354166666666667,0.264367816091954,0.871232876712329,0.732283464566929,0.461538461538462,0.46969696969697,0.335782512858192,0.426356589147287,0.913158766987073,0.816232771822358,772.602040816327,4.84183673469388,27.5561224489796,28.6377551020408,29.0816326530612,27.5688775510204,31.8188775510204,30.984693877551,774.895408163265,33.3877551020408,31.5688775510204,30.6275510204082,-72396.5612244902,10052.9948979593,6476.56632653067,4193.11734693878,211407.551020411,30531.3086734693,11152.0586734693,12270.7091836733,-17221.4872448981,10344.3673469387,508203.308673475,90097.9234693866,160.397959183673,69.1581632653061,42.4438775510204,28.3622448979592,1438.91836734694,209.43112244898,69.1811224489796,73.015306122449,227.104591836735,63.6122448979592,3136.43112244898,648.372448979592,-133.902778823707,34.1927653414308,18.6270607342037,14.0918745275888,555.505323868683,76.9895640074209,25.6529534348949,28.0012216154065,-32.2528155706729,25.7314158824151,1040.01497338067,217.231009773635,2.89795918367349,38.1581632653061,18.4438775510204,14.3622448979592,527.918367346939,69.4311224489796,20.1811224489796,23.015306122449,7.6045918367347,22.6122448979592,714.43112244898,178.372448979592,933,74,70,57,1468,237,101,104,1002,97,3168,679,214,0,25,26,37,26,28,30,406,31,57,35,0,0,0,0,0,0,0,0,0,0,0,0,0,0,0,0,0,0,0,0,0,0,0,0,5
"402",3069,1534,110.75,40.25,39.5,33.25,65,64,55.5,54,105.5,43.75,104.25,77.25,118.25,13,8,7,7,10,9.5,9.5,9,13,8.5,12.5,11,13,8,7,7,10,9.5,9.5,9,13,8.5,12.5,11,10.5,6.5,7,5.5,8,8,7,7,10.5,6.5,10.5,9,0.839244797463863,0.832184691172955,0.801567065902903,0.734881169403105,0.73384046928086,0.751644020218016,0.726472249461866,0.744094854757371,0.782044340681106,0.771813313747378,0.765762167727861,0.78850860817437,0.776646234989481,0.810124104666521,0.875045106731434,0.764214502434819,0.796754833499785,0.792455650309311,0.743630990821414,0.779604944993363,0.808897977484726,0.752472385132548,0.84051080913595,0.830518635949353,17712.9999577999,1276.99999094009,972.000010251999,1006.99999123812,14455.9993212223,2003.99995326996,835.999954581261,730.999932527542,19336.9997942448,741.999957919121,26620.9994125366,4226.99968671799,30.3050266591057,65.2411646502531,12.6536528021671,9.1946805299999,23.3631550362748,14.7264978360159,8.70333484390205,3.86745127811434,14.0188604883293,6.96536540027863,10.6163683009776,8.13374859650265,39.014939575403,26.7812854964042,23.9322086997273,24.5009581550715,24.8342987565222,24.6276196193284,21.9058193624655,21.1222235774067,50.1917468871976,22.8581126673792,22.1198620742111,21.98754179453,0.505254648342765,0.661016949152542,0.294117647058824,0.189873417721519,0.842696629213483,0.637362637362637,0.302752293577982,0.333333333333333,0.31811697574893,0.290909090909091,0.914432989690722,0.74934725848564,774.470930232558,5.28779069767442,27.6686046511628,28.9011627906977,29.5348837209302,28.3197674418605,32.9156976744186,31.8575581395349,776.776162790698,33.7877906976744,31.4418604651163,30.9622093023256,-32800.7499999998,3985.87499999995,2528.75000000002,1717.74999999998,81175.9999999997,11392.7499999999,4243.875,4788.37499999995,-7890.12500000004,3979.37499999995,202869.999999997,32838.8750000002,186.529069767442,44.7122093023256,28.3313953488372,19.0988372093023,953.46511627907,127.68023255814,41.0843023255814,43.1424418604651,170.223837209302,42.2122093023256,2000.55813953488,333.037790697674,-74.5115622867337,24.7556875631951,13.4010156020018,10.1665063822346,295.772808586761,42.4302325581394,16.7960140372932,19.1100344530577,-19.4088642124988,19.0293521594684,482.064134738715,101.523227590879,11.5290697674419,25.7122093023256,12.3313953488372,10.0988372093023,183.96511627907,29.1802325581395,13.0843023255814,17.1424418604651,9.22383720930236,18.2122093023256,234.558139534884,69.0377906976744,961,50,56,48,983,156,74,75,947,76,2032,364,263,0,24,24,30,26,30,30,416,31,43,33,0,0,0,0,0,0,0,0,0,0,0,0,0,0,0,0,0,0,0,0,0,0,0,0,5
"4444",17678,8838,385.25,228.5,189.25,0,299,280.75,218.25,234.5,395,232,286.25,266.75,418.75,23.5,18.5,17.5,0,21.5,21,18,19,24,19.5,21,19.5,23.5,18.5,17.5,0,21.5,21,18,19,24,19.5,21,19.5,22,16,14,0,17.5,17,15.5,15.5,20.5,16,17,17,0.861005259475401,0.906199301237464,0.81261886622444,0,0.764791320340535,0.799067832256383,0.765797544775616,0.742331700674736,0.880895950664527,0.770503426013342,0.777221010917784,0.711203721474842,0.826707375723373,0.805058054645712,0.803589166868384,0,0.804376429368615,0.791177517711264,0.827347287356729,0.775054861923732,0.874378447126649,0.796114658353613,0.820637168917997,0.850574341954469,26396.9995028973,3740.99982619286,2864,2910.00000035763,5490.99997973442,2449.00009083748,3052.00003474951,1926.00004035234,34579.0006971359,3117.99993532896,9502.00030517578,14499.999563098,2.96379773756459,39.0003235198965,11.6989148388174,0,2.74266887956843,5.81332714505315,7.52048733343842,4.60085866569916,3.05325781645722,10.4972633656937,1.30549043393299,28.5647818499031,18.659889021794,14.1135453157973,15.4993523878776,0,10.1844770400695,11.3171964988805,13.4300074853284,11.7886537943371,23.5571710384419,14.1998047573914,9.75499052886427,17.5149230101868,0.542908762420958,0.642857142857143,0.162162162162162,0,0.67741935483871,0.4,0.195652173913043,0.217391304347826,0.426016260162602,0.2,0.704433497536946,0.616045845272206,769.961805555556,5.58680555555556,27.5,28.6215277777778,29.0416666666667,28.0208333333333,32.6736111111111,31.9166666666667,769.295138888889,32.9114583333333,31.2361111111111,30.6909722222222,-191616.024305561,20866.1006944451,8238.5,5070.94097222234,216712.208333339,33617.1041666672,13191.7013888886,14215.5833333337,-106434.35763889,12135.3072916664,621180.513888875,138814.621527781,118.038194444444,50.4131944444444,18.5,12.3784722222222,394.958333333333,63.9791666666667,26.3263888888889,28.0833333333333,210.704861111111,23.0885416666667,1053.76388888889,577.309027777778,-125.566607632133,21.6998465232195,9.23447820343461,0,171.118868450394,28.1020517957856,13.5153923253149,13.5023098791757,-68.1109616737,11.365481321839,504.840744784076,119.646422341979,-44.9618055555555,20.4131944444444,9.5,0,157.458333333333,26.9791666666667,13.3263888888889,13.0833333333333,13.7048611111111,11.0885416666667,474.763888888889,110.309027777778,888,56,46,41,424,92,59,60,980,56,1085,608,226,0,24,25,33,24,28,28,312,29,46,32,0,0,0,0,0,0,0,0,0,0,0,0,0,0,0,0,0,0,0,0,0,0,0,0,0
"4438",7914,3956,162.75,123,89,0,127.25,113.25,106.5,113.5,165,104.25,137.25,123.25,170.5,14.5,13.5,12,0,14,13,12.5,13.5,14.5,12.5,14,13.5,14.5,13.5,12,0,14,13,12.5,13.5,14.5,12.5,14,13.5,13.5,12,10,0,11.5,11,11,11,14,11,12,11.5,0.81264506405293,0.656509219635824,0.574242562529008,0,0.523704992738715,0.57753753864156,0.645606087903595,0.620368631978819,0.787198132312686,0.594523021106594,0.611981818760015,0.626734288035068,0.88829362266765,0.833364895753393,0.769805928356078,0,0.820819686382943,0.816425835257773,0.860459581996105,0.818170856786463,0.891948240975328,0.816604475005813,0.857319089630601,0.826297592790793,42056.9986112118,3778.00003695488,2022,1446.99999845028,22879.0006087422,4660.00006318092,2880.00004667044,1710,50293,2332,48647,16943.9998525977,56.7900036004106,134.566362219202,22.9289246949037,0,69.2872021567615,35.1369008769152,20.5442242021184,8.94456564338133,41.4056021226959,18.6961787775868,25.3120758376218,93.7538964937637,44.7542134450889,26.7479026924197,29.8084483670657,0,27.0860931009482,27.9026360056469,24.8947357575089,22.6037959403504,61.0334581012376,25.9011437360223,21.7465122102739,29.9288047347017,0.338223308883456,0.661016949152542,0.225,0,0.861958266452649,0.544827586206897,0.345794392523364,0.385964912280702,0.3515625,0.339285714285714,0.927173913043478,0.812375249500998,758.885416666667,6.23697916666667,28.4140625,29.3151041666667,29.6588541666667,28.6432291666667,31.1822916666667,31.875,757.421875,33.1484375,31.6953125,31.0208333333333,-75548.8541666667,10112.3802083334,3284.609375,1845.09895833332,82036.661458333,11875.3177083334,7802.67708333324,8371.25,-32552.71875,6763.765625,340803.796875,69586.7916666667,437.114583333333,55.7630208333333,24.5859375,15.6848958333333,718.341145833333,96.3567708333333,46.8177083333333,52.125,598.578125,47.8515625,2101.3046875,788.979166666667,-116.472206221198,20.3524517276423,8.26571278089888,0,159.317570194826,26.4605235927153,18.0219336854459,18.2175110132159,-49.4946022727273,15.9546800059952,615.807419740437,139.03190500338,-102.885416666667,20.7630208333333,7.5859375,0,130.341145833333,22.3567708333333,16.8177083333333,17.125,-45.921875,13.8515625,614.3046875,116.979166666667,1196,62,53,45,748,125,78,84,1356,81,2133,820,311,2,24,25,28,20,27,29,381,28,39,31,0,0,0,0,0,0,0,0,0,0,0,0,0,0,0,0,0,0,0,0,0,0,0,0,0
"4421",1896,947,414.75,253.5,158.75,0,268.25,251,237.5,271.5,371,232,305.75,270.25,416,26,21.5,20,0,21.5,21.5,20.5,22,24.5,21,22.5,21,26,21.5,20,0,21.5,21.5,20.5,22,24.5,21,22.5,21,22,17.5,16.5,0,17.5,17.5,17,17.5,20,16.5,18,18,0.74880749092301,0.839971223274299,0.780462747840148,0,0.751458475739534,0.785984841353338,0.728999404197203,0.736216741215702,0.749327588243439,0.721410808197147,0.743818289428373,0.817210711328794,0.799700983260403,0.752737150083227,0.779181654352928,0,0.785719844788869,0.775482769974907,0.785714757174972,0.779837191814166,0.814565881726524,0.755138741643839,0.804756466792674,0.822159507088575,105321.997833729,8023.00012892485,3884.00014162064,3390.00003474951,19174.0001465082,7058.99958944321,4311.00002217293,2163.00000727177,125036.999073982,4548.99999940395,35145.0028848648,39273.0014116764,41.7790412369055,174.475354756929,17.2273147905645,0,40.0604056766678,25.7886243410932,17.1243126067819,6.16446143059222,40.1901842152483,15.8593040783125,12.8451067419486,103.779431739914,40.3302818371458,27.2099834781272,24.8697127303673,0,21.5512581246515,24.5799459306963,21.8851662545642,17.7625103487321,52.1521951826741,23.0930666714212,17.0097677846661,26.2515163592944,0.454245671887881,0.694915254237288,0.146666666666667,0,0.741463414634146,0.431192660550459,0.268817204301075,0.276595744680851,0.425287356321839,0.224489795918367,0.840978593272171,0.772357723577236,761.918410041841,5.75416666666667,28.7166666666667,29.1354166666667,29.525,28.24375,30.3916666666667,30.6791666666667,761.939583333333,33.8833333333333,31.8541666666667,30.7375,-170522.234309618,21897.0666666667,5991.46666666688,3714.66666666675,156290.400000005,23314.3999999995,15204.2666666669,17237.8666666669,-88772.46666667,13173.1333333335,698600.666666675,169015.800000003,541.081589958159,90.2458333333333,18.2833333333333,11.8645833333333,551.475,66.75625,33.6083333333333,37.3208333333333,609.060416666667,32.1166666666667,1468.14583333333,733.2625,-102.818349764562,21.6077662721893,7.96837270341213,0,139.716379310348,22.893700199203,15.6209649122809,15.3162292817679,-60.9395833333353,13.5961925287357,557.19244003816,149.481741443109,-37.918410041841,22.2458333333333,8.28333333333333,0,130.475,23.75625,15.6083333333333,15.3208333333333,-34.9395833333333,13.1166666666667,551.145833333333,140.2625,1303,96,47,41,581,95,64,68,1371,66,1500,764,232,1,23,25,27,20,25,28,305,24,35,31,0,0,0,0,0,0,0,0,0,0,0,0,0,0,0,0,0,0,0,0,0,0,0,0,0
"526",7422,3710,117.25,56.5,43,0,75.75,61.5,62,58.5,96.5,56.5,90.25,70,118.5,12.5,9,7.5,0,10,9,9.5,8.5,11,8.5,11,10,12.5,9,7.5,0,10,9,9.5,8.5,11,8.5,11,10,11.5,8,7,0,10,9,8.5,8.5,11,8.5,10.5,9,0.81596102027153,0.657110158036951,0.856922654555042,0,0.786438944700682,0.923840041446641,0.799342947834563,0.753653358480567,0.713296298371884,0.70428997532713,0.750412379940949,0.535880506914441,0.902435378972029,0.86314846348242,0.965380360488716,0,0.990329561663238,0.983732616261312,0.873313131273424,0.971047291748129,0.949776238926279,0.986748202388992,0.96147082707945,0.894667944260662,26493.9991726875,2000.00003743172,949.000017285347,909.000015974045,9353.9999152422,2608,1359.00000560284,1006.99990057945,26509,1345.00002336502,40340.9995212555,8839,58.3631918099648,216.797548797095,16.9806379671555,0,92.2879899815315,35.6046822459449,14.1591667393658,7.3019336650219,28.267537199379,14.9114454727941,26.4964764005944,141.000459320345,46.2338034608466,31.9361651876013,27.0825605330036,0,29.2406700435221,29.7547837117921,24.8223700224166,23.8687676154057,63.9170974559825,27.3045487049655,24.1875275150536,33.9005314236113,0.449957947855341,0.60655737704918,0.162162162162162,0,0.845833333333333,0.46218487394958,0.36283185840708,0.383333333333333,0.374005305039788,0.358490566037736,0.932203389830508,0.826714801444043,762.524305555556,7.53819444444444,27.7673611111111,28.6180555555556,28.9722222222222,28.53125,33.0173611111111,32.9618055555556,765.28125,30.0659722222222,30.3333333333333,30.1875,-43570.5208333331,4931.89583333336,1854.27083333334,1032.04166666666,44978.1666666671,6462.1875,4977.77083333328,5248.10416666664,-13414.3125,4296.72916666664,230055.999999998,38338.125,159.475694444444,67.4618055555556,18.2326388888889,11.3819444444444,522.027777777778,65.46875,47.9826388888889,55.0381944444444,527.71875,48.9340277777778,2259.66666666667,780.8125,-93.0275038497981,21.8157878564406,9.1512435400517,0,145.704345434544,26.3874491869919,18.664090501792,21.4527243589743,-36.2734779792746,18.7216383972468,630.026777469987,132.858928571429,-18.5243055555555,22.4618055555556,8.23263888888889,0,133.027777777778,25.46875,15.9826388888889,21.0381944444444,-13.28125,17.9340277777778,396.666666666667,115.3125,922,75,46,40,551,94,81,88,1293,79,2290,811,273,3,23,24,28,20,30,31,414,27,36,31,0,0,0,0,0,0,0,0,0,0,0,0,0,0,0,0,0,0,0,0,0,0,0,0,5
"499",2279,1139,108.75,42.25,27.25,0,74.25,45,38.5,55.75,108.75,35.25,80.75,63.75,110.5,12,7.5,6,0,10,8,7,8.5,12,6.5,10,9.5,12,7.5,6,0,10,8,7,8.5,12,6.5,10,9.5,11,7,5.5,0,9,7,6.5,8,11,6.5,10,8.5,0.759344956948326,0.816478842662409,0.777172772619734,0,0.768758939272852,0.710065021279463,0.867299505526641,0.866685024382202,0.761370646383778,0.7762958266273,0.878541690454764,0.721380572764419,0.925894863940295,0.945229594973815,0.831183652210671,0,0.911863306157168,0.889409386069365,0.947874944205928,0.897815898873506,0.926604544249079,0.879175419427973,0.970075113010346,0.928681942688367,20689.9999961853,1338.99998992682,937.999977469444,826.000009834766,5601,1821.99999064207,874.999974787235,523,21388.0001820326,984.99998819828,11068.0000495911,3960.9997355938,36.0874068636248,76.5679182305804,18.6573689993049,0,29.5863811469031,23.2349020070196,9.1371694523623,4.4204022263094,16.3656171366916,11.5319336653059,8.67372044988628,36.0378242991656,40.938005400567,26.9376112437908,22.843623109564,0,24.358198530598,28.0744442429299,20.7543904212107,21.2203069778252,51.4496445215392,23.7613127246995,20.2941731890162,27.472705292345,0.540034071550256,0.571428571428571,0.126760563380282,0,0.710344827586207,0.354166666666667,0.164835164835165,0.222222222222222,0.347058823529412,0.2,0.815446339017051,0.735632183908046,764.896875,6.434375,27.928125,28.54375,28.625,28.309375,32.684375,31.96875,769.41875,30.803125,30.378125,30.35,-35145.4187499997,3623.00625000003,952.768749999994,607.662499999996,25827.75,3787.25625000003,2423.50625000001,2718.8125,-10378.0875000001,2196.01875000002,114433.868749999,21488.3000000002,181.103125,40.565625,14.071875,7.45625,262.375,38.690625,22.315625,26.03125,206.58125,23.196875,937.621875,342.65,-81.0141163793097,22.2638498520711,7.03517775229356,0,83.2470538720539,20.0239583333334,11.5493912337662,10.8070347533632,-23.9819683908049,12.5585771276596,340.039831656345,78.9558823529414,11.103125,23.565625,7.071875,0,60.375,21.690625,10.315625,10.03125,7.58124999999995,13.196875,247.621875,59.65,946,47,42,36,291,67,55,58,976,54,968,373,223,0,22,24,28,19,28,30,344,28,47,30,0,0,0,0,0,0,0,0,0,0,0,0,0,0,0,0,0,0,0,0,0,0,0,0,5
"492",409,204,88.25,32.25,32.25,27.75,55,50.25,48.25,51.75,72.25,41.25,78,56,91.5,12,6.5,6.5,5.5,8.5,8,8,8,9.5,7,10.5,8.5,12,6.5,6.5,5.5,8.5,8,8,8,9.5,7,10.5,8.5,10,6,6,5.5,8,7.5,7.5,8,9,7,9.5,8,0.856030778650837,0.961192394460294,0.845078972501118,0.89180504419661,0.86332703831719,0.875012552209255,0.913797030863748,0.891162734697297,0.747835491935861,0.880750144617748,0.901942816933084,0.894204104427596,0.819322897595224,0.947851475297138,0.834300702008422,0.935142164738889,0.91736341186328,0.92628717142329,0.929165098542462,0.98206275690199,0.924702019029706,0.991422477657059,0.961603039538189,0.935469700104779,10039.9999927282,1037.99999332428,832.999995827675,737.99998986721,14859.9995917082,2188,1193.99998784065,1037.99998247623,15225.9999480247,1215.9999973774,30392,5838,33.9692641384021,75.2061691501833,19.1777995138278,15.5864709918764,95.3923216852678,35.0053020882693,14.94637699039,14.90413985184,35.1714778944674,32.1102413568167,36.471834606486,21.2648010688364,41.9166938596251,29.5310138122898,29.0058105819799,27.6304361574823,30.3527114557189,28.6609620681082,25.9820958631608,26.6801489098944,67.9629243572734,27.6489605288772,26.3697152568075,25.5406095699891,0.489761092150171,0.612903225806452,0.294117647058824,0.215189873417722,0.900881057268722,0.663157894736842,0.401574803149606,0.447761194029851,0.255259467040673,0.454545454545455,0.943890734588409,0.811023622047244,780.160377358491,7.528125,27.31875,28.0375,29.009375,28.140625,34.071875,33.99375,783.228125,29.184375,29.609375,30.140625,-27340.6981132075,3158.70625000003,2122.33750000002,1503.27500000001,68938.5687500003,10430.53125,4899.69375000004,5291.28750000004,-4309.49374999997,4623.51875000003,235069.96875,38029.53125,110.839622641509,42.471875,28.68125,20.9625,880.990625,136.859375,59.928125,66.00625,218.771875,60.815625,2769.390625,450.859375,-77.7297824576405,24.1695494186047,15.3401647286822,12.0345720720721,307.036079545455,50.451414800995,23.9851198186529,24.895138888889,-16.1035575259515,26.3792613636364,748.435496794872,164.497767857143,-6.16037735849056,28.471875,16.68125,12.9625,160.490625,35.859375,17.928125,17.00625,2.77187500000002,26.815625,277.890625,109.859375,891,50,56,49,910,165,94,100,1002,90,2799,481,240,3,24,25,25,24,30,32,422,26,37,31,0,0,0,0,0,0,0,0,0,0,0,0,0,0,0,0,0,0,0,0,0,0,0,0,5
"425",17524,8761,425.75,219.25,203.25,162,313.75,267,323,310,466.75,280.25,427,317.5,474.75,34.5,30.5,28,27.5,31,26.5,27.5,31,35.5,24.5,33.5,27,34.5,30.5,28,27.5,31,26.5,29,31,35.5,28.5,33.5,27,21.5,18,19.5,17,20,21.5,22.5,19.5,22.5,24,21.5,22.5,0.483206314046424,0.511386494760443,0.526405350689843,0.527788275998651,0.52711124839485,0.512148801175429,0.581094458797578,0.581517990371592,0.571075247811786,0.573868176611709,0.579732222345892,0.565668686458882,0.536433487982357,0.489243155400383,0.51805583272711,0.541443718667885,0.529481754330129,0.509915681811234,0.535739582374523,0.530630300996396,0.545190324695011,0.568561523861705,0.557466666251475,0.533153809013851,73910,5794.00026667118,4100.99994754791,3756.00013446808,60235.999130249,10209.0004911423,4508,3664.00007343292,114137.99993974,5004.99997204542,116700.998760223,17436.9995303154,27.839510263418,49.1296162738383,15.0994937854967,12.5765983089868,39.4604121711404,17.319313865703,9.25738546759011,6.57524878406713,19.3319354786077,14.3235302615337,11.4640923714677,8.98147152755453,35.4587525174378,23.152890065155,22.665811948081,22.2713923213753,22.7910810966051,22.0009149450267,18.2548429872636,18.3839327988651,49.6274608508773,19.8230616386029,18.2908917913718,18.1430870550107,0.583118001722653,0.682539682539683,0.311827956989247,0.214285714285714,0.853658536585366,0.666666666666667,0.460992907801418,0.458333333333333,0.424,0.441860465116279,0.913464447806354,0.767605633802817,772.625,6.82169117647059,27.8511029411765,28.6691176470588,29.6139705882353,28.8143382352941,33.5,33.0863970588235,773.830258302583,31.4411764705882,31.1764705882353,30.7628676470588,-187105.875,22295.6084558818,13934.7555147057,9708.34558823511,469549.06985293,67934.5716911754,35845.5,36546.9319852923,-28530.6605166054,31257.2058823542,1623678.88235299,246467.314338245,255.375,53.1783088235294,39.1488970588235,28.3308823529412,1425.38602941176,195.185661764706,83.5,80.9136029411765,334.169741697417,70.5588235294118,3710.82352941176,522.237132352941,-110.883954785672,24.752995254544,15.1230668005208,11.8663761801018,356.058539371918,58.5161861092756,26.0998452012384,27.7587642314982,-15.4317580347738,25.6471375347647,942.151398264247,183.477289833261,2.375,26.1783088235294,14.1488970588235,11.3308823529412,237.386029411765,46.1856617647059,18.5,20.9136029411765,16.169741697417,19.5588235294118,535.323529411765,126.737132352941,1028,60,67,57,1455,224,117,114,1108,102,3742,553,150,2,24,24,35,26,31,30,275,28,54,34,0,0,0,0,0,0,0,0,0,0,0,0,0,0,0,0,0,0,0,0,0,0,0,0,5
"4440",11470,5734,471.75,269.5,287.5,246.75,339.25,291.5,317.25,323,504.75,312,497,310.5,519.75,27.5,22.5,21,20.5,23.5,22.5,23.5,23,28,23,28,22.5,27.5,22.5,21,20.5,23.5,22.5,23.5,23,28,23,28,22.5,21,16,18,15.5,18,16.5,17,17,22,17,22,16.5,0.624365065618141,0.576817189309597,0.598370944400612,0.589115647179957,0.596670223984405,0.580818589642899,0.625529675557989,0.605418530447028,0.671808997947335,0.605961316215822,0.604723170132911,0.583043197724849,0.733537399094286,0.661179482226132,0.703987162133764,0.669627095349326,0.722091203513466,0.691360420977091,0.700309673028572,0.711536554588578,0.743488437081832,0.705931170459031,0.762040499882758,0.694346726980509,76691.9999351501,4121.00000101328,3739.00000238419,3394.99993342161,26180.0036125183,5143.00004947186,3360.99987244606,1679.00001490116,93357.999382019,2763.00002002716,50091.0038604736,11421.0016040802,12.7379832695466,25.9487310288159,9.36277050005479,8.30284257919219,4.68070424604471,5.04929050290337,3.40482567854073,1.8745655446318,6.51915862564413,4.06114309197806,2.24315330708121,3.86808157927958,26.2616205378325,16.3586181754654,14.7092992362622,15.257355094522,13.0529110397353,13.4341770105428,12.362243381832,11.5803688998443,35.4495540055415,12.558460542129,11.6883785902505,12.1456090707345,0.598603839441536,0.696969696969697,0.326086956521739,0.238095238095238,0.774924471299094,0.609195402298851,0.410071942446043,0.422535211267606,0.43491124260355,0.40625,0.894630872483221,0.7,767.560344827586,6.76198630136986,27.5684931506849,28.3630136986301,29.1421232876712,28.2277397260274,33.3270547945205,32.7739726027397,767.22602739726,30.5941780821918,31.0342465753425,30.3869863013699,-262886.956896558,28222.8304794509,18832.102739726,12988.2945205477,658522.525684946,101584.529109586,38936.0530821909,40412.9109589029,-69900.9109589031,35279.7037671237,1807387.8013699,314248.455479442,239.439655172414,57.2380136986301,39.4315068493151,28.6369863013699,1300.85787671233,206.772260273973,72.6729452054795,76.2260273972603,300.77397260274,65.4058219178082,3286.96575342466,626.61301369863,-140.736285474118,25.3994237171825,14.8941155449671,11.2894685708733,452.654486881828,78.0792928640233,27.6697931172205,28.3893400907585,-35.0269189277205,25.5845078152438,904.659415396504,229.458424326648,-3.56034482758616,26.2380136986301,13.4315068493151,9.63698630136986,371.857876712329,66.7722602739726,23.6729452054795,24.2260273972603,19.7739726027397,22.4058219178082,637.465753424658,195.11301369863,1007,64,67,57,1330,235,106,109,1068,96,3318,657,194,1,24,25,47,29,31,32,331,28,98,40,0,0,0,0,0,0,0,0,0,0,0,0,0,0,0,0,0,0,0,0,0,0,0,0,0
"508",10630,5314,136,92,76,71.75,100.5,95,81.5,86.5,137.5,77.25,103.25,104.75,142,13.5,11,9.5,10,11.5,11,10,10.5,13.5,9.5,11,12,13.5,11,9.5,10,11.5,11,10,10.5,13.5,9.5,11,12,12.5,10.5,9.5,9.5,11,10.5,10,10.5,12.5,9.5,11,11,0.884527938502315,0.854045888143881,0.893501896964932,0.856825958622238,0.922605701724604,0.893943270674478,0.92811339897732,0.868085651309307,0.762186679872413,0.850047860903978,0.927034991920745,0.865853074192016,0.930071264048761,0.948749713981837,0.966465748810485,0.900785885442159,0.965827450747868,0.983950630415358,0.950939354850795,0.981267231033916,0.911832921501239,0.960714018030822,0.993298759228287,0.930383846117049,14376.0000929832,2323,1939.00005400181,1317.99999654293,33829.0019323826,4873,2035.999969244,1702,26193.9999027252,1920.00000077486,54291.0081748962,8796.00005495548,28.2268451448823,60.4126794509946,25.5023811699719,13.2480224804577,74.2361714718285,29.9704153540416,19.0443644023287,14.4681282324557,21.1670173917408,21.1382419910068,33.5956380068406,24.2710436632536,31.034212395837,22.9162591868942,25.5718291652225,24.7962137251455,25.6300775049389,24.1184185214955,23.4186350903954,23.3794989235559,65.6911883566757,24.1714372809532,22.6724135517564,22.0813841222953,0.382847038019452,0.710144927536232,0.354166666666667,0.270588235294118,0.924705882352941,0.731707317073171,0.447761194029851,0.474452554744526,0.234838709677419,0.44,0.943095072866065,0.842990654205607,772.44375,6.453125,27.803125,28.7875,29.715625,28.671875,33.315625,32.4375,774.8875,31.925,31.915625,30.834375,-68836.0500000004,9625.625,5950.82499999994,3897.70000000003,188955.524999998,27825.375,10333.7250000001,10948.5,-17659.1000000002,9037.60000000006,464441.924999995,77512.0749999994,72.55625,58.546875,41.196875,27.2125,1355.284375,203.328125,72.684375,76.5625,338.1125,61.075,3071.084375,518.165625,-126.46580882353,25.7588315217391,18.8185855263157,13.1358449477352,465.93611629353,72.6728618421053,30.9481786809817,31.048049132948,-32.0420454545458,28.9811488673139,1113.25870914043,183.378035501193,-63.44375,27.046875,20.196875,13.2125,442.284375,73.328125,32.684375,32.5625,-29.8875,29.075,1190.084375,184.165625,845,65,69,56,1385,232,106,109,1113,93,3103,549,259,3,24,25,32,24,30,30,539,28,41,30,0,0,0,0,0,0,0,0,0,0,0,0,0,0,0,0,0,0,0,0,0,0,0,0,5
"435",6435,3217,118,42.75,40,0,86,66.5,51.75,72.75,124,47.5,89.25,101,124.25,13.5,7.5,7,0,11,10,10,10,13.5,8.5,11,11.5,13.5,7.5,7,0,11,10,10,10,13.5,8.5,11,11.5,11.5,6.5,7,0,10,8.5,7.5,9,12,7,10,11,0.86014919103322,0.903132350908393,0.821583999826291,0,0.835618937179979,0.779745088086457,0.822653585539354,0.895104651288202,0.962021876949134,0.896479089686636,0.896296014274792,0.831810186660995,0.800036507092388,0.870762391694056,0.93753912404831,0,0.913842314546684,0.802621321739745,0.787054813499673,0.916470999243281,0.823339227381501,0.833634786900481,0.923906118417929,0.94376578957175,20364.000156343,1174.9999434948,879.000006079674,917.000007152557,6757,1590.99997925758,1147.99999320507,546.00002014637,23645.0002245903,1005,12309.9999465942,2764,32.029656340706,56.5296124869083,11.7426550042022,0,16.4556730794356,17.4750712992069,8.87851387337012,4.55998580014467,13.0803341938243,9.87994128790255,7.06098906778902,8.97668793816546,39.6986710644002,25.6799969515331,21.7015004445156,0,21.389013176172,22.9620834661553,22.6075457597036,18.6219854348591,43.8653287796916,22.6983497220716,18.5260998763342,19.4156012055314,0.575191163976211,0.607843137254902,0.173333333333333,0,0.783882783882784,0.488372093023256,0.213483146067416,0.235955056179775,0.384615384615385,0.195652173913043,0.796340493237868,0.698529411764706,769.34,4.92045454545455,27.3636363636364,28.5852272727273,28.75,27.7329545454545,32.0426136363636,31.0340909090909,772.616477272727,32.78125,30.8636363636364,30.4375,-38142.9799999994,3962.5340909091,2026.27272727275,1251.14204545455,55763.25,8513.72159090906,3090.82102272729,3608.05681818179,-13941.3892045456,2934.71875,155106.772727272,28114.5625,227.66,38.0795454545455,18.6363636363636,11.4147727272727,563.25,78.2670454545455,22.9573863636364,25.9659090909091,219.383522727273,23.21875,1258.13636363636,220.5625,-81.4268644067785,23.1321770334929,9.95511363636367,0,154.924418604651,28.9362183868761,11.9090771848924,10.9830912214932,-28.128574046921,12.7082236842105,411.850649350648,67.9956683168317,14.66,26.0795454545455,9.63636363636364,0,109.25,24.2670454545455,11.9573863636364,9.96590909090909,11.3835227272727,13.21875,319.136363636364,46.5625,997,43,46,40,592,106,55,57,992,56,1289,251,212,0,24,25,28,26,29,29,331,29,37,29,0,0,0,0,0,0,0,0,0,0,0,0,0,0,0,0,0,0,0,0,0,0,0,0,5
"482",13567,6783,173.5,73.5,0,0,106,78.5,81,87.75,165.75,70.5,99.5,75,179,15.5,11,0,0,13,12,12,12,17.5,10.5,12,10.5,15.5,11,0,0,13,12,12,12,17.5,10.5,12,10.5,14.5,8.5,0,0,10.5,8.5,9,9.5,13,8.5,10.5,9,0.783806340224996,0.737926397982372,0,0,0.601682848612799,0.715265655645375,0.723424817065877,0.708817485332859,0.727990985321814,0.767064065157765,0.706970702440213,0.688304903017095,0.90712572598117,0.754304941729861,0,0,0.778205171005757,0.721358671830801,0.704279160900734,0.749895076746598,0.770545992260891,0.697801228437957,0.788991890632887,0.82095847928192,31940.999912262,2218.99996495247,1413.00000286102,1408.99999636412,9201.99985408783,2296.99998921156,1246.00004601479,733.999981999397,36117.9999974966,1444.99990582466,11123.9990137815,9221.99998188019,34.706569129491,174.597763170803,0,0,37.3273151659529,20.8877797251361,9.89479921177962,3.94022620898761,26.077100954561,12.7770945267616,9.08048103437429,132.623468110282,35.1791637645248,27.7794869250456,0,0,23.2660224461793,25.0552693760593,18.8597443641262,17.3338388885571,50.5400583883622,22.9160859867916,17.7485452699976,31.9515996940914,0.505067567567568,0.65625,0,0,0.739837398373984,0.366336633663366,0.217391304347826,0.25531914893617,0.357037037037037,0.204301075268817,0.772131147540984,0.760262725779967,763.840425531915,5.59042553191489,28.0239361702128,28.8404255319149,28.9973404255319,28.2234042553191,31.843085106383,30.9840425531915,768.265957446809,33.1223404255319,31.2287234042553,30.5398936170213,-71984.7446808524,7928.25531914901,2406.86170212765,1405.25531914894,52949.90425532,7740.04255319151,4738.35106382974,5879.425531915,-29022.425531915,4327.40425531917,226163.234042551,51037.436170212,209.159574468085,103.409574468085,13.9760638297872,11.1595744680851,375.002659574468,47.7765957446808,26.156914893617,30.0159574468085,208.734042553191,24.8776595744681,1080.77127659574,898.460106382979,-104.021981727882,27.2803227674049,0,0,119.078131272582,24.1619460631522,13.1723469923824,15.2552736861248,-44.0351882160394,13.781914893617,526.705949962576,151.783439716311,13.1595744680851,28.4095744680851,0,0,105.002659574468,25.7765957446809,12.156914893617,15.0159574468085,11.7340425531914,13.8776595744681,498.271276595745,119.460106382979,973,109,42,40,404,76,58,61,977,58,1112,929,242,0,22,25,28,19,29,29,372,29,34,31,0,0,0,0,0,0,0,0,0,0,0,0,0,0,0,0,0,0,0,0,0,0,0,0,5
"509",5025,2512,113.75,47.75,47.5,38.25,71.5,66.75,63.5,66.5,112.75,48.25,88.5,77.5,120.25,12.5,8,7.5,7,10,9.5,9.5,10,12,8.5,11,10.5,12.5,8,7.5,7,10,9.5,9.5,10,12,8.5,11,10.5,11.5,7,7.5,6.5,8.5,8.5,8,8.5,11.5,7,9.5,9,0.804757873279373,0.853972352503936,0.857112706863459,0.842591758965594,0.782994114731504,0.795190699867899,0.801926666502795,0.872304679995572,0.747959722765891,0.870581085142997,0.825773824280061,0.85039827713724,0.904386516143154,0.887996262806482,0.877862913415101,0.893644666689579,0.833555850196326,0.844981535764675,0.812734757464933,0.869607988992764,0.995597185417566,0.840239175302716,0.880248802690368,0.885330436736693,16006.999982655,1113.99998474121,1058.99999797344,738.99997895956,12491.9998981953,2051.99990296364,1174.00002574921,665.000008106232,23305.9994481206,887.999910593033,19720.0000572205,4367.00000846386,22.3425791558208,53.8339039732463,17.5541057060036,11.6325697251827,40.104859882006,20.4325253928012,11.8400548181386,5.84564611522424,19.2527115830655,10.8314961131079,18.2347982373129,13.2547469345044,38.1123365245994,26.7628227367255,25.714157187902,24.5807338059659,24.9547494181096,24.5297738624687,23.1569984180611,22.2605199090934,53.907157795469,23.8851676828409,22.2569363148231,22.1665483917964,0.508030431107354,0.701492537313433,0.295454545454545,0.209876543209877,0.846918489065606,0.654822335025381,0.321428571428571,0.373913043478261,0.339007092198582,0.333333333333333,0.893496701225259,0.766423357664234,772.744318181818,6.42045454545455,27.7613636363636,28.4545454545455,29.2698863636364,28.3835227272727,33.5170454545455,32.4886363636364,775.139204545455,31.8153409090909,30.8465909090909,30.3778409090909,-38849.0170454544,4999.76136363631,2948.7840909091,2076.36363636362,101975.184659091,14682.5255681819,5165.3011363637,5348.96590909096,-8807.95738636351,4410.82102272725,246350.789772728,39842.2585227276,150.255681818182,63.5795454545455,31.2386363636364,22.5454545454545,991.730113636364,154.616477272727,42.4829545454545,50.5113636363636,200.860795454545,45.1846590909091,2069.15340909091,356.622159090909,-85.6454170829168,25.8465611613517,14.4228468899522,11.2317290552584,341.230113636364,52.268162665986,18.593190765927,18.8873034859878,-20.1015105321505,21.0395813707018,676.681657678482,123.218933284458,13.2556818181819,26.5795454545455,12.2386363636364,11.5454545454545,208.230113636364,36.6164772727273,14.4829545454545,13.5113636363636,10.8607954545455,20.1846590909091,397.153409090909,84.6221590909091,923,70,59,51,1021,183,76,83,976,77,2100,387,234,1,24,24,30,24,31,30,405,28,43,32,0,0,0,0,0,0,0,0,0,0,0,0,0,0,0,0,0,0,0,0,0,0,0,0,5
"428",19518,9758,179.75,79.75,57,0,100,80.5,89.5,93.75,197.5,75.75,100,118.5,206.25,15,10,9.5,0,12.5,10.5,12,11,16.5,10,11,12.5,15,10,9.5,0,12.5,12,12,11,16.5,10,11,12.5,14.5,9,8,0,10,10,9.5,11,15,10,10.5,11.5,0.944756835810751,0.76497095602565,0.782772119583934,0,0.739563286328175,0.829603774859546,0.961636726886882,0.880990206480771,0.944564056844704,0.761012867788166,0.844994652027503,0.756274996328698,0.974151971186098,0.913560721769091,0.73832025026259,0,0.820379670365598,0.956093844759812,0.816728710764389,0.969435115529018,0.962429246227443,0.955862478566036,0.947127411487943,0.928552393248766,39192.0001342297,2748.99985253811,1934.99999779463,1554.99998998642,8395.99973058701,3056.99991810322,1725.00000911951,1063.99999475479,43860.0000638962,1780.9999588728,16029.9998431206,5092.99996304512,39.1208224833925,91.0928014475838,16.34893105282,0,25.9309902113315,20.6483931972845,13.1303262784782,5.32041793240274,20.5760541196449,12.967420433197,7.85117570905207,22.0277807441889,37.9648605793204,24.2916126642641,24.5392337737618,0,23.4485337698122,26.3363470032833,22.2019464718869,18.3737320200793,48.9227895686426,24.0774315890279,17.9030931979343,20.5394193901695,0.5,0.703703703703704,0.162162162162162,0,0.764988009592326,0.39047619047619,0.238095238095238,0.241379310344828,0.343044428259286,0.177777777777778,0.754112554112554,0.686274509803922,765.037234042553,4.96542553191489,27.9308510638298,28.7553191489362,28.7473404255319,27.7579787234043,30.2021276595745,29.8324468085106,767.800531914894,33.4760638297872,31.8457446808511,30.2925531914894,-66931.7180851062,7166.52393617028,2009.04787234043,1034.86170212763,43431.4441489372,6236.66755319138,3991.24468085097,4744.23138297882,-26391.4388297875,3486.24734042558,176304.2606383,33689.6436170219,191.962765957447,48.0345744680851,17.0691489361702,9.24468085106383,397.252659574468,54.2420212765957,23.7978723404255,26.1675531914894,216.199468085106,23.5239361702128,1042.15425531915,202.707446808511,-95.2903633888673,23.4358283865805,7.45072788353864,0,100.450159574469,18.642642394608,9.81463211696175,11.2875531914894,-33.6410382440079,9.99588336493227,396.486755319152,67.6800206481738,19.9627659574468,24.0345744680851,7.06914893617021,0,72.7526595744681,16.2420212765957,8.79787234042553,10.1675531914894,14.1994680851063,9.52393617021276,337.154255319149,49.7074468085106,957,53,45,38,426,82,54,56,984,57,1074,233,215,-1,23,24,28,20,26,26,320,30,39,30,0,0,0,0,0,0,0,0,0,0,0,0,0,0,0,0,0,0,0,0,0,0,0,0,5
"419",18805,9402,99.5,58.75,41.75,0,69.5,60.75,49.75,50.75,93.75,48,76.25,74,102.75,12.5,9,7.5,0,10.5,10,8.5,8.5,11.5,8,10.5,10,12.5,9,7.5,0,10.5,10,8.5,8.5,11.5,8,10.5,10,10.5,8,7,0,8.5,8,7,7.5,10,7.5,9,9,0.832783856996877,0.847761051236649,0.708838549654522,0,0.679736115728019,0.705758214861176,0.76170324816744,0.803463684250783,0.946398174961534,0.838962676994262,0.741590687759409,0.813935588845382,0.816285339483093,0.875089941354412,0.882283537228186,0,0.839774758316462,0.802015593071888,0.820039364823032,0.848437967208932,0.8466776765617,0.875048625485959,0.862019551483789,0.922794783818822,12443.0000030994,1264.00000751019,1125.99999982119,891.000009775162,21101.0000112057,3567.99995857477,1014.00000190735,1330.9999306798,24996,1448.999953866,32860.9998788834,5785.00039058924,22.8453518363135,81.8058845744498,22.2229411361716,0,95.1838907274502,40.25222849859,14.6964366351915,14.549082242096,27.0578549874613,21.3132116509897,49.4356309319589,31.6998261360823,40.3075572580067,25.9695968424859,30.3727722976982,0,30.6812790534821,29.8718636715822,26.9959719250199,28.5854548683045,63.6162554908342,27.9599415427728,26.8560965898995,25.4080310978562,0.323407775020678,0.6,0.234567901234568,0,0.885952712100139,0.59748427672956,0.308411214953271,0.345454545454545,0.295426452410383,0.320388349514563,0.93475935828877,0.797183098591549,773.160305343511,6.78409090909091,27.5643939393939,28.3977272727273,29.1893939393939,28.7878787878788,33.9924242424242,33.1780303030303,773.890625,30.7689393939394,30.719696969697,30.7007575757576,-38403.8854961829,4010.73863636361,2107.03409090908,1374.5340909091,65426.1590909096,9784.18181818187,4046.11363636369,4221.82954545455,-9345.046875,3673.96590909088,194379.204545455,32480.988636364,162.839694656489,42.2159090909091,23.4356060606061,14.6022727272727,719.810606060606,110.212121212121,40.0075757575758,42.8219696969697,429.109375,39.2310606060606,1973.2803030303,303.299242424242,-96.4643254440132,16.4542069632495,11.7409952821629,0,232.896936995859,40.4137673026562,19.6859677173749,20.2653194506642,-24.9172916666667,19.0852272727272,630.929483358173,108.623566748567,-62.6603053435115,15.2159090909091,11.4356060606061,0,183.810606060606,35.2121212121212,20.0075757575758,19.8219696969697,-21.890625,18.2310606060606,501.280303030303,90.2992424242424,936,49,51,43,749,139,74,76,1203,70,2004,334,354,3,24,24,29,21,31,31,522,27,38,30,0,0,0,0,0,0,0,0,0,0,0,0,0,0,0,0,0,0,0,0,0,0,0,0,5
"446",12761,6380,95.25,50.75,40,34.5,65.25,60.5,52.75,56.5,93.5,48,81,73.25,102.75,11.5,8.5,7.5,7,9.5,9,8.5,8.5,11,8.5,10,10,11.5,8.5,7.5,7,9.5,9,8.5,8.5,11,8.5,10,10,10.5,7.5,7,6.5,9,8.5,8,8.5,11,7.5,10,9.5,0.870206470225456,0.751318649075004,0.76899615377135,0.750565243942412,0.814311761614244,0.76185569896158,0.874941978219625,0.803055208471151,0.799840720360854,0.74932370428922,0.811946157266669,0.766774950111418,0.954731634472879,0.812833941540379,0.840919481811778,0.838629673030803,0.921154302326999,0.874025133261272,0.904370645965689,0.967617437997008,0.961368717778923,0.903217673213502,0.986370723624714,0.943737222088769,15790.0001912117,1700.99991178513,1295,870.000015974045,18235.0013991594,2854,1537.99997496605,1092.0000962019,24043,1494.99996888638,30050.999792099,5603.00008904934,46.2066923369316,146.892590728113,22.6813099247793,13.8756992164843,119.038554412817,42.5256154786527,30.1998344970969,14.5807160561659,40.3662572429729,33.8311707214124,44.2216000910503,26.6590157008934,47.2544187035965,29.7696101649895,27.8300644291519,25.7311073123078,30.1191482610749,29.4088982728901,27.3564099285311,25.5347917788266,68.8999167693888,29.9244649705882,25.3343877090647,24.7131692005851,0.397260273972603,0.684210526315789,0.270588235294118,0.168831168831169,0.89940119760479,0.64367816091954,0.375,0.375,0.378712871287129,0.375,0.933701657458563,0.816901408450704,773.550314465409,5.196875,27.5,28.321875,28.75625,27.765625,32.23125,31.490625,774.984375,32.16875,30.665625,30.290625,-34656.179245283,4641.08437500002,2329.5,1681.70937499999,68739.1812499998,10085.328125,4342.95625000003,4750.35312499997,-10132.578125,3856.64375000003,201299.428125001,34976.5531249998,382.449685534591,49.803125,28.5,18.678125,805.24375,122.234375,44.76875,48.509375,599.015625,47.83125,2035.334375,417.709375,-91.1513643341753,21.4336668719212,13.20625,9.89551630434781,259.094324712643,41.1269369834711,19.1242002369669,20.4828263274336,-27.1421290106952,19.9979166666667,615.757214506176,117.644528583617,-35.5503144654089,19.803125,12.5,9.678125,170.24375,32.234375,16.76875,18.509375,-21.984375,17.83125,417.334375,90.709375,1156,55,56,47,834,150,77,80,1374,80,2066,448,256,1,24,25,28,23,29,29,470,28,39,30,0,0,0,0,0,0,0,0,0,0,0,0,0,0,0,0,0,0,0,0,0,0,0,0,5
"516",9938,4968,135.25,63.25,0,0,102.75,68.25,50.75,77,144.25,59,94.5,105,145.5,13,9,0,0,12,10.5,8,10.5,13.5,9,11,11.5,13,9,0,0,12,10.5,8,10.5,13.5,9,11,11.5,12.5,8.5,0,0,11,8.5,7.5,9,12.5,8.5,10,11,0.911485507153391,0.942927043719201,0,0,0.828701090632635,0.857595040224336,0.767870046641768,0.8270066653638,0.939680854739446,0.820200087135739,0.791432065195356,0.804583093381943,0.944848107466639,0.953314489105892,0,0,0.924363782613613,0.827795074790829,0.905251765559255,0.846995435716777,0.929094217284503,0.934634081401335,0.916001218001604,0.908935439177868,29568,2184.00003421307,1308.99998670816,1005,3434.99949502945,2228.00014466047,1088.99996340275,586.999988853931,34449.0003495216,1398,14193.9997768402,4153,42.688328626845,75.1635083733499,0,0,15.0084284677618,25.6302745663494,7.09209205792194,3.87901645284013,20.8337076753047,11.7882807571674,7.90318917882731,25.4977131290637,40.5129888083715,26.4356270862342,0,0,19.389157295517,27.1367722278635,19.3990210410325,18.464557743384,49.6123235864498,24.8858443479714,18.1278711205123,20.4749293366515,0.553480475382003,0.592592592592593,0,0,0.657587548638132,0.304347826086957,0.161290322580645,0.213483146067416,0.392405063291139,0.213483146067416,0.766523605150215,0.677902621722846,763.7578125,6.55208333333333,28.0130208333333,28.8125,29.2526041666667,28.5729166666667,33.1770833333333,32.2395833333333,767.730366492147,31.9375,31.2942708333333,30.515625,-52044.046875,5533.68750000005,1521.42187500001,937.125,32764.9843749997,4799.56249999997,3653.93749999996,4157.56249999998,-19052.0732984292,3205.375,177500.734374999,31265.90625,217.2421875,40.4479166666667,11.9869791666667,9.1875,216.747395833333,34.4270833333333,21.8229166666667,24.7604166666667,219.269633507853,27.0625,1062.70572916667,249.484375,-97.659845771719,22.3886281291173,0,0,75.9809724756686,16.9252518315018,13.1529659277504,11.7928841991341,-33.0787200450059,11.6218220338983,437.464988425925,71.2677083333333,17.2421875,23.4479166666667,0,0,67.7473958333333,18.4270833333333,12.8229166666667,11.7604166666667,14.2696335078534,11.0625,382.205729166667,54.984375,981,47,40,38,246,63,55,57,987,59,1094,280,207,-1,24,25,30,21,32,31,357,28,46,33,0,0,0,0,0,0,0,0,0,0,0,0,0,0,0,0,0,0,0,0,0,0,0,0,5
"501",9770,4884,169.5,108.25,81.25,0,121.25,104,98,109.25,142,94.5,122.25,105.5,171,14.5,12.5,10,0,12.5,12,11,12,14,11,12,11.5,14.5,12.5,10,0,12.5,12,11,12,14,11,12,11.5,14.5,11,10,0,12,11,11,12,12.5,10.5,12,11.5,0.905204334497719,0.581291256614152,0.945007469774338,0,0.919365930477982,0.812846075151569,0.925665442612745,0.955242515122047,0.829343126396519,0.912159880771849,0.958243751350177,0.376122893354139,0.955933485115095,0.867604608523979,0.986567616830444,0,0.951731309919128,0.934815924921994,0.948846612243953,0.981185632286101,0.941512246211643,0.942792120075086,0.982208493407354,0.886071562248091,37888.0000483394,3684.99982327223,1516.00004708767,1410.99998939037,17483.999566257,4270.99978727102,2573.00011026859,1221.00006198883,49662.9999785423,2433.9999974966,33404.0042099953,25580.9997977018,58.5183548842236,192.672930153362,16.7421844865485,0,57.8855625948933,46.5835390818698,22.6827945486299,9.14205069446385,53.2080269942261,19.6764869714069,27.2587572144948,685.482346063842,41.1141123900685,27.6770681483733,23.2515176678439,0,25.3403966089625,29.6686667649203,25.2434347914731,20.340998474008,62.1270481980189,24.9340561038561,20.329594315715,49.2306380516706,0.432455395072217,0.692307692307692,0.138888888888889,0,0.809744779582367,0.448275862068966,0.285714285714286,0.305263157894737,0.397849462365591,0.235294117647059,0.869726128793486,0.845539280958722,763.994318181818,5.05681818181818,28.1448863636364,29.0142045454545,29.3068181818182,27.8892045454545,31.3153409090909,30.8522727272727,767.802857142857,34.6988636363636,32.3579545454545,30.8068181818182,-86486.1136363644,10739.1363636364,2876.89772727272,1888.28409090911,73607.136363636,11328.7840909091,7472.30681818178,8031.0454545454,-31405.1542857146,6292.97727272721,327071.159090909,78575.1363636358,305.005681818182,82.9431818181818,15.8551136363636,9.98579545454545,462.693181818182,97.1107954545455,35.6846590909091,35.1477272727273,445.197142857143,32.3011363636364,1442.64204545455,2559.19318181818,-127.607887503353,23.957038631115,8.13819055944057,0,149.990089034676,27.0651223776224,18.7688427643784,18.0310224672352,-53.4665895372238,16.531295093795,659.529571016918,180.631570443774,-58.4943181818181,24.9431818181818,7.85511363636364,0,149.693181818182,26.1107954545455,19.6846590909091,20.1477272727273,-38.3028571428572,16.3011363636364,759.642045454545,144.693181818182,1069,88,44,39,492,125,67,66,1213,67,1475,2590,263,3,23,25,26,19,28,27,349,30,36,29,0,0,0,0,0,0,0,0,0,0,0,0,0,0,0,0,0,0,0,0,0,0,0,0,5
"417",1262,630,99.25,60.75,27.25,0,69.75,51.25,44.5,43.5,99,40.75,72.25,68,101.5,11,8.5,7,0,9.5,8.5,7.5,7.5,11,7.5,9.5,10,11,8.5,7,0,9.5,8.5,7.5,7.5,11,7.5,9.5,10,11,8.5,5.5,0,9,7.5,7,7,11,6.5,9,8.5,0.932513854360414,0.673792726908488,0.656350775966761,0,0.740948557613693,0.712195451838279,0.685603646284979,0.702823152227299,0.83534426646306,0.630622943026215,0.706087942085034,0.594770113329056,0.965619677100571,0.963560491229546,0.72872375108988,0,0.936852076733048,0.896988542629045,0.906867240672085,0.901779725651895,0.960566164726834,0.799197152619945,0.910224421421151,0.852515456139778,17877,1454.00006645918,1120.9999935627,749.999986827374,6233.00049436092,1924.99994915724,1810.99999725819,851.000012457371,24453.0000655651,1211.00001555681,21140.0000195503,4297.00006937981,24.5848797803735,143.162163919503,28.2585965687357,0,62.5034827516164,34.2770848380151,28.9580876429634,11.8218488918433,29.0482780252591,27.8853020674194,30.3936676585634,73.2349766414482,48.4769922329515,29.5686822249491,38.958714165181,0,27.519081720146,32.7582896522776,32.3926614088023,28.4664984507731,58.9501898610735,32.4605825333528,25.4494062024613,29.7473548204531,0.295902883156297,0.591836734693878,0.189189189189189,0,0.764705882352941,0.333333333333333,0.244897959183673,0.300970873786408,0.378524295140972,0.25,0.9216,0.765472312703583,769.125,6.62820512820513,28.1410256410256,28.8429487179487,29.4038461538462,28.7628205128205,33.1634615384615,32.6794871794872,775.782051282051,32.2596153846154,30.9262820512821,30.9326923076923,-33602.75,3594.94871794873,980.743589743591,576.762820512817,22001.0384615383,3268.2948717949,2326.63461538464,2568.12820512818,-10958.5128205127,1923.59615384614,111254.92948718,20884.3269230771,287.875,50.3717948717949,17.8589743589744,10.1570512820513,253.596153846154,39.2371794871795,29.8365384615385,39.3205128205128,608.217948717949,35.7403846153846,1368.07371794872,347.067307692308,-84.6917506297229,14.2936055713834,6.97824041402024,0,78.0011717673005,16.7737648530332,13.5387856525497,14.3549955791334,-27.7466977466974,12.3354766399245,381.5685276373,76.0526018099552,-60.125,13.3717948717949,5.85897435897436,0,61.5961538461538,16.2371794871795,13.8365384615385,13.3205128205128,-22.7820512820513,10.7403846153846,275.073717948718,65.5673076923077,1057,57,46,39,283,68,63,72,1384,68,1399,378,340,4,24,26,25,21,27,30,474,26,32,28,0,0,0,0,0,0,0,0,0,0,0,0,0,0,0,0,0,0,0,0,0,0,0,0,5
"479",10607,5303,93,33.75,31,27.75,57.5,52.25,40,42.5,74.75,37.5,76.5,53.5,94.75,12.5,6.5,6.5,6,8.5,8.5,7.5,7.5,12,7,10.5,8.5,12.5,6.5,6.5,6,8.5,8.5,7.5,7.5,12,7,10.5,8.5,10.5,6.5,6,6,8.5,7.5,6.5,7,8.5,6.5,9.5,8,0.874897239709573,0.946892339365624,0.853008797227965,0.847247560838627,0.759803577475587,0.800453130881538,0.784593353384628,0.837974219905233,0.827377777101513,0.883725665703775,0.811240869059191,0.855847400068351,0.762286935415139,0.952335896761964,0.921925545304925,0.978721619715194,0.969193373152394,0.909273803806796,0.810520631796288,0.914758292351133,0.721302607134112,0.891894306704736,0.911684770311996,0.914599452838833,14542.0000008941,1756.99994671345,1183.00001430511,940,25286.0004841685,3866.99997973442,949.000053405762,953.999932050705,12288.9999990463,1324.99996900558,43638.0013958216,6419.00001239777,37.8729179616121,119.745422030954,22.3888815288312,14.9712742638176,102.621322300601,38.5602802994107,11.5362509767454,7.91434314983702,18.4713297652684,14.7844632333658,33.5023561477694,27.788933509034,45.0212210532343,31.1584538763933,29.7217494225399,30.7090441667589,32.2280190860549,30.7267011506159,26.1964873058211,26.4882141648824,63.5820947453894,29.2683252308616,27.2498457449459,27.5832991296623,0.43728813559322,0.709677419354839,0.304347826086957,0.238095238095238,0.907613344739093,0.706422018348624,0.382113821138211,0.421875,0.210048848569435,0.371900826446281,0.934454506252695,0.797570850202429,772.388888888889,5.41666666666667,27.8194444444444,29.0625,29.4270833333333,28.3993055555556,32.5833333333333,31.8993055555556,774.795138888889,33.1979166666667,31.2534722222222,30.7951388888889,-26578.3888888892,3323.08333333336,2196.43055555558,1461.3125,68547.1354166669,9892.66319444455,3576.91666666664,3986.16319444442,-6237.35763888884,3383.98958333336,169280.934027779,28431.6423611108,145.611111111111,53.5833333333333,36.1805555555556,23.9375,1187.57291666667,169.600694444444,54.4166666666667,61.1006944444444,199.204861111111,52.8020833333333,2399.74652777778,464.204861111111,-71.6684587813628,23.9537037037037,15.4386200716846,11.0906531531532,290.646829710145,46.2418427698035,19.7354166666666,21.7006944444444,-22.2633663136379,20.6220833333334,548.253063725492,127.176823727933,3.61111111111109,24.5833333333333,12.6805555555556,8.9375,159.572916666667,32.6006944444444,15.4166666666667,17.1006944444444,5.20486111111109,16.3020833333333,254.746527777778,87.7048611111111,918,59,64,53,1217,198,87,93,974,86,2431,495,271,2,24,26,28,24,30,29,529,30,33,30,0,0,0,0,0,0,0,0,0,0,0,0,0,0,0,0,0,0,0,0,0,0,0,0,5
"502",14451,7225,102.5,38.25,41.75,36.75,81.5,71.25,67.75,76,103.25,44,86.5,86.25,106,12.5,7,7.5,7,10.5,9.5,9.5,10,12,8.5,10.5,11,12.5,7,7.5,7,10.5,9.5,9.5,10,12,8.5,10.5,11,10.5,6.5,7,6.5,10,9.5,9,9.5,10.5,7,10,10,0.897394544492431,0.900210369073499,0.872811982125491,0.860098024097588,0.851043891492964,0.863974538532587,0.869700781391035,0.88522100763352,0.911226156213716,0.846483457495735,0.835691013652984,0.839112193839432,0.859568895402388,0.906285949769899,0.880434203162096,0.985791834121373,0.928810257249074,0.90393865403033,0.916088663088774,0.926475061305779,0.889514636308919,0.750589075242338,0.905540031093947,0.903379938217842,18410.9997601509,1376.00005531311,938.000003099442,716.000003576279,14984.0010304451,2009,1229,637.999993085861,23966.9999771118,1030.00000417233,20868.9970932007,2461.00001239777,33.145172490361,65.3264690218356,11.4282260454524,12.5756935642867,16.6211808771799,13.7235018590951,14.7165005686139,5.57609422605336,21.2898375241564,16.0641429208756,8.15960794894112,6.64065662229288,42.5175151500888,28.796339736038,23.8452539633661,25.1375032318556,22.3639966170352,22.7236400050782,23.6044840740074,19.9805633190358,51.4376137650369,23.352079360564,19.9942496005064,20.1525460027274,0.615986099044309,0.649122807017544,0.240506329113924,0.162162162162162,0.830238726790451,0.556962025316456,0.252525252525253,0.28,0.396778916544656,0.25,0.84067592033796,0.705128205128205,772.110119047619,6.50595238095238,27.485119047619,28.485119047619,29.4077380952381,28.4375,33.5625,32.6964285714286,773.97619047619,31.3452380952381,30.7321428571429,30.6994047619048,-30424.6904761903,3446.47619047621,2197.30952380951,1470.30952380953,75429.1190476194,10983.5,3816.5,4089.71428571431,-6943.90476190484,3345.61904761905,184574.571428573,29437.4523809524,180.889880952381,44.4940476190476,24.514880952381,15.514880952381,704.592261904762,104.5625,32.4375,34.3035714285714,214.02380952381,29.6547619047619,1631.26785714286,267.300595238095,-74.4564605110333,21.9580999066294,11.3412282577702,8.12712585034014,224.156679082677,36.1519736842105,12.747463099631,12.7377819548873,-17.0221953188057,15.8422619047619,517.308319570606,82.9701604554867,15.889880952381,22.4940476190476,11.514880952381,8.51488095238095,152.092261904762,27.5625,10.4375,11.3035714285714,16.0238095238095,15.6547619047619,359.767857142857,55.3005952380952,953,51,52,44,734,133,66,67,988,61,1662,298,152,2,24,25,39,26,32,32,317,28,65,36,0,0,0,0,0,0,0,0,0,0,0,0,0,0,0,0,0,0,0,0,0,0,0,0,5
"408",8030,4014,150.75,72.25,79.5,66.75,109.25,118.5,100.75,128.75,166.25,97.25,149.25,109.25,167.5,14,10,10,9,12,12.5,12.5,13,15,12,14,12,14,10,10,9,12,12.5,12.5,13,15,12,14,12,13,9,9.5,8.5,11,11.5,10.5,12.5,13.5,10,13.5,11.5,0.949753248078192,0.955418145472878,0.90517645958604,0.957948820270808,0.867618879327246,0.84968286814524,0.859807861986763,0.922254964177073,0.901893445434702,0.909057615419115,0.879633792975554,0.894684096265735,0.932974187948766,0.902134225793146,0.938023296449728,0.94131507448539,0.937208860902768,0.881640797363989,0.811482689191233,0.940154861472042,0.92702807298558,0.833471831368303,0.935273866750368,0.922727835729478,31123.0000267029,1752.00000089407,1230.0000218749,1045.99999904633,16860.9995956421,2675.00030839443,1197.00002229214,932.000002980232,47287.0010042191,1378.00003862381,23881.9983139038,5609.99999475479,37.6448197026616,40.2264390864185,9.53511223409007,10.3739812628532,14.0613346769032,9.10979514447424,9.47345613064055,4.33804150203398,23.8238802237301,10.6494443245498,5.20669994563114,5.76248354478751,35.0159435639709,22.286717417563,19.4790496488619,19.8341590552331,18.5371322870923,18.6485920212738,17.6186650392073,16.5992794962504,49.1012266530152,18.076961101644,16.557618654953,16.862011402027,0.613126079447323,0.6875,0.296703296703297,0.204819277108434,0.806896551724138,0.655502392344498,0.387096774193548,0.456,0.411933860531991,0.36,0.890266816986095,0.747330960854093,772.220588235294,5.0343137254902,28.0588235294118,29.1323529411765,29.3995098039216,28.1617647058824,31.4632352941176,30.7892156862745,774.825980392157,34.3578431372549,31.6666666666667,30.7107843137255,-81657.7941176485,8845.00980392163,5479.58823529414,3548.32352941172,193394.328431375,27533.6176470592,11316.6323529413,12062.2254901961,-20430.4068627454,9965.24509803909,517936.333333327,86755.774509805,203.779411764706,53.9656862745098,31.9411764705882,21.8676470588235,1126.60049019608,157.838235294118,59.5367647058823,63.2107843137255,253.174019607843,56.6421568627451,2623.33333333333,494.289215686275,-137.257072480736,30.4397347174163,15.6267110617832,11.4743886318572,419.717195001574,55.8572226358903,25.5342833163042,22.5913668379974,-30.8109427981723,23.5650360401228,856.737018425452,186.72857495401,16.7794117647059,31.9656862745098,13.9411764705882,10.8676470588235,337.600490196078,44.3382352941177,21.5367647058824,17.2107843137255,18.1740196078431,21.6421568627451,583.333333333333,155.289215686275,976,59,60,51,1156,186,91,94,1028,91,2655,525,192,-1,25,25,44,28,29,30,331,30,88,39,0,0,0,0,0,0,0,0,0,0,0,0,0,0,0,0,0,0,0,0,0,0,0,0,5
"4447",9662,4830,289.5,147.75,96.25,0,173,140,133.25,167,322.5,135.75,199.75,147.75,325.75,21.5,15.5,11.5,0,15,15,13.5,15.5,22.5,14,16,15,21.5,15.5,11.5,0,15,15,13.5,15.5,22.5,14,16,15,18.5,12.5,10.5,0,14.5,12,13,14,19.5,12,15.5,12.5,0.955179977236136,0.943755648431975,0.81277546443225,0,0.789536288416196,0.833328656038084,0.836555749564585,0.841285668366936,0.94470802783402,0.824448605384239,0.829887354285963,0.898769934962281,0.940875175152281,0.784146925391548,0.877094354971959,0,0.92118409272513,0.804428758975984,0.991534146424727,0.896345206591856,0.917624954770521,0.814670498312852,0.90106650178168,0.852461478478234,35985.0000628233,4407,2716.0000128746,2437.99997204542,10020.9999990463,3983.00000280142,1796.00019073486,1048,41452.9993876815,1605.99994015694,16292,21620.9998236895,11.595216014196,64.4750306827543,11.7019789660286,0,15.0025629217969,11.2550889792589,5.54649524301912,2.21317790578307,6.17821031091663,5.39612853754918,4.90517142219988,98.927602783607,28.1323709100556,19.8770159933561,19.5736931983976,0,16.6255898111902,19.4589099952826,15.9745242852969,14.3374427194674,34.5568846669178,16.8474963092103,14.310424844801,26.7532593167341,0.535405872193437,0.725,0.153846153846154,0,0.723076923076923,0.46875,0.296296296296296,0.321100917431193,0.417802726543705,0.3,0.834645669291339,0.793103448275862,757.960084033613,7.5,28.1416666666667,28.89375,29.5479166666667,28.9666666666667,32.63125,33.125,756.64375,31.0708333333333,30.75,30.7604166666667,-120401.989495803,16647.5,5073.40833333334,3016.44374999994,124176.064583335,18993.4333333331,12469.4812499998,13113.125,-61722.8062500015,10849.7041666668,582163.75,126268.177083331,353.039915966387,77.5,21.8583333333333,11.10625,451.452083333333,82.0333333333333,41.36875,39.875,276.35625,35.9291666666667,1708.25,1409.23958333333,-105.950584897174,27.5270727580372,10.7414502164501,0,168.823470616571,31.2065476190474,20.8321646341461,18.6175149700599,-47.9127422480632,18.4282458563537,697.94211514393,196.1076036379,8.0399159663865,26.5,10.8583333333333,0,143.952083333333,33.0333333333333,20.36875,15.875,12.35625,18.9291666666667,539.25,155.239583333333,1111,85,50,40,481,111,74,73,1033,67,1739,1440,226,2,24,25,26,25,28,29,283,28,33,30,0,0,0,0,0,0,0,0,0,0,0,0,0,0,0,0,0,0,0,0,0,0,0,0,0
"524",2823,1411,101.75,44.75,37,33,58.5,54.25,44.25,46.5,100.25,44.25,71.5,58.5,104.25,13.5,7.5,7,6.5,9,8.5,7.5,7.5,12.5,8,9.5,8.5,13.5,7.5,7,6.5,9,8.5,7.5,7.5,12.5,8,9.5,8.5,9.5,7,6.5,6,8,8,7,7,9.5,7,9,8,0.883179971730156,0.908237198127785,0.936205747255891,0.899127066050371,0.933210130808018,0.890749064899759,0.92034207431421,0.93001233971519,0.891773689699087,0.907290663053109,0.909047591262349,0.908067900219121,0.702294800179797,0.888438506235645,0.950412120310626,0.960988940072376,0.92967503229523,0.925713553144334,0.877728511206909,0.927523228865947,0.753275820400637,0.906276001371548,0.922116302999476,0.948012758372858,13825.9998204708,1552.99996888638,1283.99995017052,1019.00001728535,25994.0017022491,3522,1551.0001180172,1485.99999213219,23673.9999996424,1313.9999011755,44516.9963510036,6731.99998021126,34.414676001185,91.3847397168655,26.238769470681,15.5278437205045,91.9807041571386,37.9135807121541,19.6419764205362,17.7238601657277,24.3303259721693,20.9011671722623,41.5337216046931,25.2479598582042,46.7502680501847,26.7213416323193,30.1105484349641,29.2318100919106,30.2151009187375,28.8860145608784,28.3297265438308,28.5137323148951,67.8791307519386,28.0543699060934,26.9790125011629,25.9000416997726,0.312893081761006,0.614035087719298,0.340659340659341,0.225,0.926380368098159,0.699530516431925,0.415384615384615,0.454545454545455,0.27027027027027,0.406779661016949,0.95392749244713,0.826086956521739,773.621710526316,6.65460526315789,27.2532894736842,28.1480263157895,29.0789473684211,28.25,33.9407894736842,33.1151315789474,777.273026315789,30.6743421052632,31.2269736842105,30.6907894736842,-31405.2532894739,3816.02960526315,2463.37828947369,1592.2730263158,82915.0789473679,11979.75,4876.6907894737,5233.99013157892,-5834.85197368422,4397.79934210523,232599.351973683,36619.9407894735,186.378289473684,45.3453947368421,37.7467105263158,22.8519736842105,1163.92105263158,163.75,61.0592105263158,65.8848684210526,409.726973684211,54.3256578947368,2733.77302631579,427.309210526316,-77.0934549980608,19.5241656865628,15.6453591749645,11.3974282296651,349.993702204227,54.5195852534562,26.8558206958073,27.3418576683644,-14.3328766898543,24.56294603033,805.647152189913,153.022885739991,-30.6217105263158,18.3453947368421,14.7467105263158,10.8519736842105,247.921052631579,44.75,25.0592105263158,26.3848684210526,-10.2730263157895,23.3256578947368,425.773026315789,126.309210526316,960,52,65,51,1193,192,95,99,1187,85,2765,458,235,3,23,25,27,21,31,30,544,25,32,29,0,0,0,0,0,0,0,0,0,0,0,0,0,0,0,0,0,0,0,0,0,0,0,0,5
"396",11997,5998,111.75,45.5,42.25,40.75,64.75,62.75,54.75,63,94.5,53.5,90.75,74.5,114.5,12,7.5,7.5,7,9.5,9,8.5,9,11,8,11,9.5,12,7.5,7.5,7,9.5,9,8.5,9,11,8,11,9.5,12,7,7,7,8.5,8.5,8.5,8.5,10.5,8,10.5,9.5,0.911693790966214,0.837158527996372,0.778087097472848,0.718549180124011,0.736607320008818,0.752915953666123,0.785669413215478,0.769890543236314,0.822734125476619,0.744088416545479,0.79970196072469,0.802877811527056,0.957499618674786,0.900122110039179,0.907700778160592,0.8568958216149,0.888136024373167,0.875904148116815,0.939491857827382,0.903260175228105,0.929360702166564,0.904002568087878,0.954086903914582,0.961367613727255,18634.9997293949,1656.99999278784,1037.99999260902,949,14518.0018372536,2499,922.00009906292,732,17373.9998739958,934.999990046024,21036.0001220703,4319.00096035004,44.481446049743,97.278350095273,21.5089767523022,12.7263023763818,74.9305919167832,30.9557725471972,12.7554905631183,6.25050844699949,20.56391707153,12.9013762363708,26.1153845394534,23.2263098721035,38.9574931835646,26.880350560134,27.4347777030301,26.5372969227313,27.9548975242054,26.84041968928,23.6055191480051,22.7920184013101,54.9295396456104,25.4587671543983,23.5154334586468,23.3194364472736,0.530973451327434,0.642857142857143,0.253012048192771,0.168831168831169,0.867704280155642,0.6,0.333333333333333,0.357798165137615,0.285818181818182,0.320754716981132,0.914455874390904,0.775,773.034375,5.184375,27.81875,28.921875,29.303125,27.9375,32.521875,31.515625,774.86875,33.1375,30.975,30.51875,-47314.7437500004,4789.55625000004,2595.01250000002,1729.78125,79512.1687499995,12172.625,4977.98124999996,5563.84375,-13582.8874999999,4524.02500000004,233474.449999999,42200.4124999997,129.965625,40.815625,26.18125,18.078125,766.696875,111.0625,42.478125,45.484375,171.13125,43.8625,1830.025,348.48125,-106.020952181209,26.0903502747254,14.1871671597634,9.40941334355828,298.194944498069,47.5445717131474,21.1036957762557,20.9288194444444,-37.2920304232802,20.4279205607477,636.096625344349,137.984605704697,3.96562500000005,27.815625,15.18125,9.078125,254.696875,48.0625,22.478125,18.484375,4.13125000000002,21.8625,358.025,105.98125,903,46,54,47,796,139,75,77,946,77,1861,379,195,0,24,25,30,22,30,30,398,30,42,31,0,0,0,0,0,0,0,0,0,0,0,0,0,0,0,0,0,0,0,0,0,0,0,0,5
"455",18205,9102,113,49.5,48.75,39,73.5,68.25,74.25,64.5,115.25,52.25,94.25,80,118,12.5,7.5,7.5,7,9.5,9,10,9,12.5,8.5,11,10,12.5,7.5,7.5,7,9.5,9,10,9,12.5,8.5,11,10,11,7.5,7.5,6.5,9.5,9,9.5,8.5,11,7.5,10,10,0.982942831308742,0.939135752344899,0.905066856405095,0.877089390367525,0.947647629763706,0.941197961676419,0.993662368534515,0.942645253236758,0.837849985665841,0.94764300051004,0.968100476054605,0.921284701602794,0.872750907901263,0.968526687532368,0.945914984354491,0.932674233040108,0.973661529888514,0.978546084188945,0.921564167646954,0.97224503476405,0.884381040842652,0.90162060280775,0.92942475033908,0.957028199248158,18982.0002458096,1446.00004291534,946.999998986721,947.999986171722,15487.9999780655,2460.99999904633,1010.00008714199,806.000008583069,22169.0000374317,1189.99993151426,24072.999168396,3980.99995136261,28.1443686607755,55.1377750530223,11.2164674181831,12.92511377741,40.093405197049,18.5749888585421,10.0585320064182,4.9184315292905,15.809225161793,11.0955146422835,15.3896719177352,16.149339199844,37.4702382804597,24.5772324080432,23.4690674540247,23.8354274616323,24.4430768704623,23.7842011294836,22.1042239907882,21.2890707704857,50.7873148259413,23.3784974212812,21.509772508372,21.7357262080309,0.495784148397976,0.685714285714286,0.318681318681319,0.234567901234568,0.862412761714855,0.668341708542714,0.345132743362832,0.383333333333333,0.322157434402332,0.368421052631579,0.898839907192575,0.76605504587156,773.694444444444,5.85,27.5416666666667,28.4972222222222,29.1138888888889,28.1861111111111,32.9138888888889,32.0694444444444,775.088888888889,31.7444444444444,30.6583333333333,30.3472222222222,-42384.777777778,5370.79999999994,3103.33333333336,2010.3111111111,94656.2444444458,13944.1555555558,5298.64444444439,5790.22222222226,-12044.9555555557,4945.6222222222,249319.266666668,42608.1111111116,132.305555555556,59.15,35.4583333333333,23.5027777777778,1059.88611111111,157.813888888889,46.0861111111111,55.9305555555556,175.911111111111,53.2555555555556,2267.34166666667,413.652777777778,-94.1789577187813,26.6853535353535,14.2634615384616,10.5925213675213,308.682029478461,48.7479548229552,16.7797138047138,20.5817183462533,-26.2797782598219,20.8823498139287,647.065804597704,127.755902777779,7.30555555555554,26.15,13.4583333333333,10.5027777777778,194.886111111111,39.8138888888889,12.0861111111111,16.9305555555556,7.91111111111115,19.2555555555556,390.341666666667,86.6527777777778,906,65,63,52,1089,186,79,88,951,85,2298,444,263,1,23,26,35,27,31,30,397,29,55,34,0,0,0,0,0,0,0,0,0,0,0,0,0,0,0,0,0,0,0,0,0,0,0,0,5
"413",1334,666,146.5,55.75,0,0,88,63.25,48.75,55,144.25,46.25,83.25,99.25,155,13.5,9,0,0,10.5,9.5,8,8.5,14,8,11,11.5,13.5,9,0,0,10.5,9.5,8,8.5,14,8,11,11.5,13,7.5,0,0,10.5,9,7.5,8,12.5,7.5,9.5,11,0.63352363207437,0.783393913437074,0,0,0.926531746096225,0.87182414743793,0.802691097723366,0.884168886904274,0.616592950248984,0.924916324621945,0.886597945578374,0.853213921227153,0.92774403258886,0.83094381147855,0,0,0.879030314097458,0.936790253783474,0.841618046835449,0.885065478465492,0.902457403709369,0.907427360167029,0.859949147840639,0.906224001864302,24188.0001525879,1851.00002193451,1261.99997293949,1162.99999916553,6010.99982845783,2108.00005018711,1186.99998235703,706.000033378601,27249.0002837181,1130.00000429153,8728.00001525879,2439.00000476837,23.0614257955198,102.426493142281,0,0,25.2730803635628,20.4781970631903,8.38139375680837,6.39325252969107,13.3733368837646,13.8880756200594,7.87533113958164,14.2776763018285,39.8910463425953,27.1486006025114,0,0,23.4218553460176,27.2084081939923,22.7359821666989,20.0861306132324,47.6930997111807,24.4166239790488,18.5215255866181,20.9803921427176,0.529209621993127,0.666666666666667,0,0,0.736842105263158,0.403846153846154,0.162790697674419,0.191011235955056,0.407126611068992,0.172413793103448,0.752321981424149,0.608040201005025,767.377840909091,6.28977272727273,28.0767045454545,28.7471590909091,29.1107954545455,28.3806818181818,32.9801136363636,31.9517045454545,772.892045454545,31.6960227272727,30.5994318181818,30.5795454545455,-40055.2613636359,4546.3409090909,1416.44318181819,907.761363636358,33078.3068181822,4863.97727272722,2523.32954545456,3006.9431818182,-13743.0681818182,2336.46590909094,129576.352272729,21099.6818181821,160.622159090909,50.7102272727273,14.9232954545455,11.2528409090909,331.889204545455,48.6193181818182,19.0198863636364,24.0482954545455,263.107954545455,20.3039772727273,886.400568181818,162.420454545455,-68.7566804995339,20.5174021606197,0,0,88.485795454546,18.3347332015809,10.3070658508158,10.9164772727273,-24.4015775169372,10.660734029484,354.235403016655,50.8058449736664,16.6221590909091,21.7102272727273,0,0,69.3892045454545,16.6193181818182,10.0198863636364,10.0482954545455,16.1079545454545,11.3039772727273,309.400568181818,35.4204545454545,928,57,43,40,361,77,52,56,1036,52,917,193,158,0,24,24,27,22,29,30,312,28,39,30,0,0,0,0,0,0,0,0,0,0,0,0,0,0,0,0,0,0,0,0,0,0,0,0,5
"416",1378,688,134.25,68.5,51.5,0,94.75,72.75,58.5,70.25,132.75,58.75,100,99.25,139.5,13.5,9.5,8.5,0,11.5,9.5,9,10,13.5,9,11.5,11,13.5,9.5,8.5,0,11.5,9.5,9,10,13.5,9,11.5,11,12.5,9,7.5,0,10.5,9.5,8.5,9,12,8,11,11,0.790361350843156,0.818574387825153,0.786550425839193,0,0.815854233332802,0.78890962619048,0.825501663897324,0.831065380863133,0.874088789084045,0.786783075985296,0.874987128268448,0.877270981759039,0.905391808210623,0.896740342669783,0.805067021513325,0,0.919360881867317,0.85098080575831,0.938726515927193,0.937352535138408,0.90398585682837,0.842401586608757,0.930812432196093,0.964193820120687,26767.0000505447,2158.00000357628,1473.00002503395,994.000001907349,12231.9997920394,2887.00004434586,2062,866.000023543835,33669.999982357,1611.00003480911,19228.0004882813,3108,42.0809151649972,117.597840921666,19.9872260428048,0,106.844766637074,44.0314779423353,29.9099595406759,8.1269909978154,28.3411210858982,20.0681867339968,35.1142400770327,23.2282483937215,45.9226141799986,26.0364881924886,28.585451045843,0,30.1232035712714,33.1167564558058,30.1939059849389,23.7377665995626,66.8276152903998,28.1757431805027,22.9875226305431,22.2339837869205,0.358642972536349,0.607843137254902,0.142857142857143,0,0.792899408284024,0.366336633663366,0.25,0.247311827956989,0.269430051813472,0.242105263157895,0.887900355871886,0.669811320754717,767.584375,6.06875,27.99375,28.678125,29.184375,28.475,32.921875,32.190625,772.278125,32.221875,31.059375,30.578125,-47077.0812499995,4920.63749999994,1620.48749999998,1046.60625,35870.1187500003,5142.94999999993,3393.59375,3847.63124999995,-15348.1937500002,2969.19374999996,162181.868749998,24948.40625,236.415625,36.93125,15.00625,9.321875,304.815625,48.525,29.078125,28.809375,537.721875,28.778125,1116.940625,165.421875,-87.7463861731835,16.909352189781,6.66644417475726,0,93.2245959762534,17.8308419243986,12.9456463675214,13.1901579181494,-29.0935675612056,11.9951462765957,399.418124999998,61.9029833123426,-39.584375,16.43125,6.00625,0,85.815625,16.525,12.078125,12.809375,-18.278125,10.778125,356.440625,55.421875,1004,43,43,38,334,77,62,61,1310,61,1148,196,302,2,24,26,28,19,29,29,440,27,34,29,0,0,0,0,0,0,0,0,0,0,0,0,0,0,0,0,0,0,0,0,0,0,0,0,5
"471",13424,6711,89.75,44.5,33.25,0,59.25,44.75,38.75,46,83.75,35,73,72,91.25,11,7.5,7.5,0,9,8,7.5,7.5,10.5,7,9.5,9.5,11,7.5,7.5,0,9,8,7.5,7.5,10.5,7,9.5,9.5,10.5,7.5,6,0,8.5,7.5,7,7.5,10,6,9.5,9,0.820183831370052,0.667167145777168,0.801424605688204,0,0.72819482184032,0.774125734665261,0.93592068889311,0.841068745842606,0.794828041317561,0.768237194749582,0.875220842369659,0.675088967956857,0.924145961714503,0.901699970582135,0.824677209234037,0,0.899417210265466,0.900553849761585,0.827395174033021,0.963270170739854,0.919794561572232,0.86210573061877,0.979206066766247,0.957498200519783,14065.0004456043,1269.99999201298,826.00000077486,663.000008821487,7869.00045633316,1410.99992632866,988.000012874603,602.00003695488,15082.9999961853,882.999999701977,13062.9996747971,4063.99999701977,38.5074951512206,191.316062322347,17.2815363960072,0,70.7292592102527,26.55344028809,12.3687778553402,7.30062657175738,25.1740245092899,20.6960917171581,26.1934987981184,34.1303825169954,42.1453275189685,31.2947354365666,27.4997560774302,0,28.9261392605787,28.4546479405369,24.6810700964287,23.6912526662453,59.2906980024011,28.3693276342757,23.6361672795566,26.1110728243082,0.406666666666667,0.660377358490566,0.150684931506849,0,0.793814432989691,0.407407407407407,0.149425287356322,0.204545454545455,0.270411985018727,0.204545454545455,0.855072463768116,0.716475095785441,764.140243902439,6.30182926829268,27.9481707317073,28.8963414634146,29.2378048780488,28.3018292682927,32.655487804878,31.905487804878,768.40243902439,31.9237804878049,30.8932926829268,30.609756097561,-30550.1890243902,3558.83231707316,1185.91768292683,609.835365853662,28705.2012195123,4148.83231707316,2077.74695121951,2297.4969512195,-11575.8902439025,1800.82012195123,99557.9481707312,18954.4390243902,135.859756097561,68.6981707317073,14.0518292682927,10.1036585365854,345.762195121951,53.6981707317073,19.344512195122,25.094512195122,218.59756097561,22.0762195121951,926.106707317073,252.390243902439,-85.2516645152521,19.9509797204713,7.81122776453327,0,117.479494700011,22.5808522959531,10.9961250983478,11.4803817603394,-34.9696032034948,11.5405052264809,334.771090878716,64.9006605691055,0.859756097560989,20.6981707317073,7.05182926829268,0,82.7621951219512,22.6981707317073,11.344512195122,11.094512195122,0.597560975609781,11.0762195121951,236.106707317073,45.390243902439,900,75,42,39,375,82,52,57,987,54,957,283,281,3,23,24,27,23,29,30,374,28,40,30,0,0,0,0,0,0,0,0,0,0,0,0,0,0,0,0,0,0,0,0,0,0,0,0,5
"449",5351,2675,72.5,32.25,31.25,29.75,49.5,47.75,47.5,47.5,75.25,35.75,68.25,55.5,78.75,9.5,6.5,6.5,6.5,8,8,8,7.5,10,7,9.5,8.5,9.5,6.5,6.5,6.5,8,8,8,7.5,10,7,9.5,8.5,9.5,6,6,6,7.5,7,7.5,7.5,9.5,6.5,9,8,0.76704546705873,0.834944883142218,0.879048185924661,0.807624861737095,0.899830643852466,0.882764379309486,0.867302392060927,0.900578783495495,0.758313215128612,0.879412120701674,0.91725342134012,0.890321114098313,0.949843186476448,0.938684540888469,0.913904580580486,0.90043938483298,0.924359020974294,0.879118922615925,0.842427985709506,0.931616664320209,0.958817936574191,0.861165971624747,0.919739665197137,0.88236090347766,12031.0000076294,808.000078082085,598.999991714954,617.000010967255,10174.9999966621,1328.00002729893,1014.00000113249,786.000082015991,15021,896.000065863132,24927.0011749268,3573.00061583519,39.9656777065068,82.5595079091191,17.4096618697442,13.4894870898467,47.0565442179779,25.7192651719886,15.9650763379856,10.9278537285561,31.9342996827869,28.5658204343313,23.5077362879364,18.1217789519,44.0539876662507,29.6519160949823,27.5367944256998,27.4866996020909,27.7291206953505,27.5206607518547,24.7313777799507,24.703296035814,63.9620597712385,27.7136961519864,25.3598918827413,25.5116134112889,0.482352941176471,0.614035087719298,0.270588235294118,0.205128205128205,0.863636363636364,0.637362637362637,0.344827586206897,0.383333333333333,0.295570079883805,0.375,0.913824057450628,0.779816513761468,772.90243902439,6.99085365853659,27.7896341463415,28.530487804878,29.3140243902439,28.7164634146341,34.0579268292683,33.5609756097561,775.003048780488,29.9207317073171,30.6524390243902,30.5182926829268,-24608.2682926829,3163.88109756097,1934.26524390243,1327.89634146342,63529.0823170729,9409.31402439029,3709.75304878051,3964.29268292684,-4862.96036585368,3538.96951219514,177431.481707318,29139.7378048782,143.09756097561,46.0091463414634,29.2103658536585,20.469512195122,863.685975609756,132.283536585366,47.9420731707317,51.4390243902439,139.996951219512,56.0792682926829,2156.34756097561,388.481707317073,-85.3300252312869,23.7455804499905,14.2263658536585,10.0997642959623,310.963753387533,47.6290863235859,18.1947047496791,19.6495507060334,-16.5179989466008,22.4359116493263,642.765143393195,127.044770380137,5.09756097560978,27.0091463414634,14.2103658536585,10.469512195122,196.185975609756,35.2835365853659,15.9420731707317,15.4390243902439,6.9969512195122,22.0792682926829,335.34756097561,83.4817073170732,916,53,57,49,893,161,82,85,915,86,2187,419,211,3,24,25,33,25,32,32,387,28,56,34,0,0,0,0,0,0,0,0,0,0,0,0,0,0,0,0,0,0,0,0,0,0,0,0,5
"486",14801,7400,108,42.25,45.5,34.75,70,66.75,75.75,72,104.5,53.25,87.25,83,110,11.5,7,7.5,6.5,9.5,9.5,10,9.5,11.5,8.5,10.5,10.5,11.5,7,7.5,6.5,9.5,9.5,10,9.5,11.5,8.5,10.5,10.5,11.5,7,7,6.5,9.5,9,10,9.5,11,7.5,10,10,0.944603661580057,0.901635749166376,0.925993012195347,0.856292441727051,0.912735956577383,0.917657832241929,0.986272677436701,0.967808283269317,0.788391369516462,0.963436358795781,0.978548856389906,0.970641621875742,0.8374246935606,0.873250650039725,0.92228908503273,0.919952737167548,0.957784565539354,0.934679111987394,0.98292851530584,0.954040093916725,0.902133616470976,0.890305531134945,0.965311788030385,0.971967325467934,17297.999981761,1225.99991703033,1001.00004959106,786.999990820885,13758.0002388954,2217.00002193451,888.999904751778,783.999999880791,18593.9999705553,1120.00008702278,23563.001373291,3804.00002479553,34.9484780611918,63.0372443139114,15.0764712675917,9.48858107721367,41.5806038217664,17.4518633210674,9.85060437485598,5.78040958655129,17.1584974704075,11.5260910831849,12.9526035480118,9.70565237331483,39.3795283093648,26.8769517126443,25.3928615581071,23.9549472829207,24.8679288067305,24.1551920886905,21.1062430805852,20.5908697310346,51.7477607159264,22.6575215032743,21.0292336558799,20.9823732144409,0.513877207737595,0.627118644067797,0.27710843373494,0.179487179487179,0.850655903128153,0.635416666666667,0.327433628318584,0.356521739130435,0.293874741913283,0.339449541284404,0.885542168674699,0.773148148148148,771.024725274725,7.12228260869565,27.6657608695652,28.7092391304348,29.3097826086957,28.8532608695652,34.0597826086956,33.0163043478261,773.108695652174,31.1440217391304,30.7798913043478,30.8179347826087,-37658.8791208797,3858.19565217394,2505.06521739133,1619.9347826087,85853.6956521751,12625.5652173912,5376.69565217386,5650.82608695655,-9120.82608695655,4800.63043478266,261674.847826086,42223.1086956524,172.975274725275,44.8777173913043,28.3342391304348,19.2907608695652,1008.6902173913,134.146739130435,44.9402173913044,47.9836956521739,231.891304347826,42.8559782608696,2241.22010869565,366.182065217391,-87.3673178673191,22.9723919475174,12.5485248447205,9.90946590553646,294.343788819878,45.1579750854907,16.9534187114363,18.5080012077295,-21.8694612024132,20.508560420494,733.13128348075,123.760378470404,8.97527472527474,23.8777173913043,12.3342391304348,9.29076086956522,193.190217391304,33.1467391304348,12.9402173913044,14.9836956521739,8.89130434782612,17.8559782608696,491.220108695652,84.6820652173913,944,52,56,48,1038,163,79,81,1005,74,2272,397,255,2,24,24,28,27,32,30,431,28,52,32,0,0,0,0,0,0,0,0,0,0,0,0,0,0,0,0,0,0,0,0,0,0,0,0,5
"467",1282,640,159.5,62.5,0,0,99.75,66.75,62.25,87.5,171.25,55,91.25,109.75,171.25,14,9,0,0,11.5,10.5,9.5,10.5,14.5,9,11,12.5,14,9,0,0,11.5,10.5,9.5,10.5,14.5,9,11,12.5,13.5,8,0,0,11,8,8.5,10.5,13.5,8,10.5,11.5,0.932329871139852,0.916587287396845,0,0,0.918930272829812,0.865938023957311,0.786207978170386,0.951812145769805,0.957603408285964,0.935794982595324,0.901765205927345,0.925947769427676,0.948272802005797,0.885449889854366,0,0,0.959840734230093,0.79910174013193,0.872059825481128,0.963785338786691,0.91742641070764,0.893046549002924,0.908531514177997,0.941456667605429,33381,1749.99990612268,1420.999989748,1242.99997723103,2931,1779,1525.99998551607,555.99999153614,38581.9994963408,1067,7053.0000705719,3040,15.4887483712582,48.2034605256181,0,0,7.49943140216604,14.3173897736852,7.57220607473089,2.55369359449953,7.72874052306935,6.18071522674561,2.58901149794736,15.5657086715314,34.5926440420451,22.7288404745673,0,0,17.8440828553921,23.2716554822936,24.3988527961923,18.0006133748115,40.9414146977864,20.4277887160519,15.6558551876671,19.8778652221405,0.571548117154812,0.642857142857143,0,0,0.683544303797468,0.333333333333333,0.166666666666667,0.209302325581395,0.42188679245283,0.172413793103448,0.700879765395894,0.666666666666667,768.1796875,5.99479166666667,28.0494791666667,28.7005208333333,29.1328125,28.09375,32.2369791666667,31.6692708333333,772.293193717278,32.0390625,30.7552083333333,30.390625,-50957.0859375,5305.56770833327,1677.10677083332,1100.14322916667,36532.0234375,5422.78125,3275.66927083337,3504.54947916663,-19364.8376963348,2895.2421875,152997.682291666,27365.421875,220.8203125,50.0052083333333,12.9505208333333,8.29947916666667,269.8671875,37.90625,19.7630208333333,22.3307291666667,207.706806282722,22.9609375,889.244791666667,228.609375,-80.9680887539185,22.2852083333333,0,0,83.9574130639098,19.0672986891386,10.003984688755,8.83072916666662,-28.2698360530435,10.3882102272727,363.806435502285,58.354249715262,21.8203125,22.0052083333333,0,0,62.8671875,18.90625,9.76302083333334,7.33072916666667,19.7068062827225,9.9609375,296.244791666667,40.609375,989,56,41,37,299,66,52,54,980,55,920,259,192,-1,24,25,27,18,26,29,286,28,49,32,0,0,0,0,0,0,0,0,0,0,0,0,0,0,0,0,0,0,0,0,0,0,0,0,5
"4434",1391,695,147.25,80.25,88,79.75,102.75,102,108.25,111.75,144.75,100,137.25,112.5,151.5,13.5,11.5,11.5,11.5,11,12.5,12,13,15,12.5,14,13,13.5,11.5,11.5,11.5,11,12.5,12,13,15,12.5,14,13,13.5,9,9.5,9,11,10,11.5,11,12.5,10.5,12.5,11,0.857151026678995,0.765692257764658,0.780514424993465,0.765397597360219,0.767196463908858,0.765928418639233,0.763407621466893,0.804082581270584,0.871338528230582,0.779137889669594,0.775365575846618,0.765633297788767,0.899068080977996,0.761912089480159,0.798059088479805,0.758613448104584,0.855047558281675,0.811168713144605,0.869810417627822,0.834060478999806,0.849186914568687,0.808923378571082,0.865060304241653,0.808142991824831,23486.0004093647,1735.00000035763,1533.99999940395,1160.00001311302,26905.0007376671,5034.00010108948,1496.9999986887,1431.99999809265,39312.0002732277,1660.00015902519,40675.9967346191,8051.00042200089,26.0567398700856,39.4035995765204,14.5154422022486,10.5552647056923,23.5139998460685,15.147542771681,10.0845370554708,6.81083656309955,20.7280176517549,10.8654385101092,12.2013694319953,10.6726827665845,33.9853222153366,21.6761918697417,21.172795628627,20.7549617652351,20.3539510161227,20.5471879324658,19.2308726678159,18.9749825888791,52.9696323384712,20.1686634343601,18.5879242052661,18.6665536394016,0.55746140651801,0.769230769230769,0.403846153846154,0.296703296703297,0.87361963190184,0.748344370860927,0.512820512820513,0.54320987654321,0.404099560761347,0.48993288590604,0.927660681759042,0.837270341207349,768.730392156863,5.64460784313725,27.6813725490196,28.6789215686275,29.4166666666667,28.1887254901961,32.9142156862745,31.828431372549,767.536764705882,33.2254901960784,31.7843137254902,31.2107843137255,-73573.6176470593,10077.3676470587,7267.08823529422,5043.57352941171,252860.500000003,37504.6323529413,15133.9852941177,16233.9705882353,-14342.2794117646,13484.3529411764,690093.705882343,118951.264705884,180.269607843137,70.3553921568627,50.3186274509804,34.3210784313725,1606.58333333333,253.811274509804,92.0857843137255,99.171568627451,328.463235294118,81.7745098039216,3913.21568627451,710.789215686274,-125.090324245149,30.542308044713,19.3839683600714,14.6126144815292,597.281630170321,89.0686274509806,33.889479463841,35.4154165021714,-25.0738976937924,32.7495098039214,1248.83681560054,257.784771241832,-20.7303921568628,31.3553921568627,18.3186274509804,13.3210784313725,534.583333333333,79.8112745098039,29.0857843137255,27.171568627451,8.46323529411768,29.7745098039216,832.21568627451,216.789215686275,949,76,78,63,1636,282,125,131,1096,115,3945,742,224,3,25,26,37,26,32,30,321,30,80,38,0,0,0,0,0,0,0,0,0,0,0,0,0,0,0,0,0,0,0,0,0,0,0,0,0
"487",11283,5641,82.5,45.75,37.5,36.75,58.25,59.5,55,52.5,77.5,48.5,80.5,66.5,91,11.5,8,7,7,9,9,9,8,12,8,10,9.5,11.5,8,7,7,9,9,9,8,12,8,10,9.5,9.5,7.5,6.5,6.5,8.5,8,8,8,8.5,7.5,10,9,0.811264151227129,0.801324926453215,0.902240896036931,0.863286036959608,0.900633117966101,0.924160345599953,0.84661478072821,0.853849011268162,0.643870772763909,0.884205036647821,0.868860493899277,0.874446830824994,0.809774718659021,0.900427869063078,0.859907412915769,0.92323819604102,0.89582687197719,0.876531508049818,0.871883136142884,0.876512506909029,0.71981125213164,0.910057817905189,0.894146445192033,0.941159685854458,9758.99997663498,1224,1036.00001525879,862.00000667572,24438.0010647774,2803,1140.00002318621,814.000000655651,8379.00003063679,1077.99995309114,36189.0000743866,4540,40.9242490437638,93.192412000678,23.2375264881526,20.1631888963476,142.325631531556,34.1095471971875,12.8922485222832,7.72233527886211,14.0052411613582,15.6718490597559,44.7368471783815,23.8518394564132,39.2623001764547,27.6444199723541,29.1305525583082,30.6345449430771,32.1735470525587,28.7387040777259,25.3341703810141,25.9753490676477,59.7403782456859,27.7558320326148,26.5869151815003,24.9700850110164,0.377104377104377,0.636363636363636,0.28735632183908,0.215189873417722,0.887029288702929,0.635359116022099,0.314814814814815,0.345454545454545,0.193905817174515,0.345794392523364,0.925888833249875,0.773087071240106,771.478125,6.21875,27.9,28.58125,29.646875,28.65625,33.6125,32.753125,773.952830188679,32.075,31.415625,30.890625,-33263.0375000002,3752.375,2165.39999999998,1533.42500000001,69624.5374999999,9928.125,3751.04999999996,3849.86249999996,-8745.8301886792,3359.70000000003,180623.712500001,29556.8125,158.521875,40.78125,28.1,21.41875,968.353125,124.34375,43.3875,49.246875,176.047169811321,42.925,2067.584375,334.109375,-101.741761363637,19.573599726776,13.2066666666666,9.09221938775513,290.747974785408,41.0076155462185,16.2102272727272,17.6516369047618,-29.0108947048081,16.5899484536083,557.562635869569,108.834938909774,-30.478125,19.78125,12.1,8.41875,244.353125,34.84375,16.3875,17.246875,-11.4528301886793,14.925,359.084375,94.109375,930,47,56,50,998,153,77,82,950,75,2099,365,253,3,25,27,33,24,32,31,456,29,42,30,0,0,0,0,0,0,0,0,0,0,0,0,0,0,0,0,0,0,0,0,0,0,0,0,5
"438",9249,4624,79.75,40.25,37.5,33.25,53.75,49.5,45.75,48.5,68,38,70.25,56,88,10.5,7,7,7,8.5,8.5,8,8.5,9.5,7,10,9,10.5,7,7,7,8.5,8.5,8,8.5,9.5,7,10,9,10,7,6.5,5.5,7.5,7.5,7.5,7.5,9,6.5,9,7.5,0.751944827482649,0.692771192437482,0.674537420414894,0.608228472100194,0.617826730915472,0.648577158065459,0.786301591842919,0.715518897642902,0.698980382568193,0.664520386819561,0.69401036677886,0.652454157759301,0.933775404529143,0.927314218686043,0.86335932973395,0.768940122019761,0.865033935403259,0.845013562049292,0.928719996190062,0.856159035167979,0.942440840192422,0.898315366370235,0.931557392022184,0.83264651171219,13364.0000197887,1969.99999648333,1248.00001013279,998.000002145767,30489.0007476807,5034.00010442734,1007.99995660782,1174.00001817942,11892.9999161959,1657.00002241135,54310.9999866486,8391.00040245056,38.2345483952893,152.486174220238,22.1915024239473,16.253354154753,140.64701928245,55.6786108449315,16.3883821752624,9.71229621345821,20.0082242073655,19.3197900953424,62.1672151494402,92.0405546912662,45.6966543635327,32.8505957750523,32.1320764334793,32.8774261932381,34.2528545639203,33.5907393654704,26.1117643635626,28.587044031785,60.6460021637141,33.1447253950733,30.0141330295719,32.0612435398978,0.448333333333333,0.672131147540984,0.24390243902439,0.184210526315789,0.894252873563218,0.625,0.244897959183673,0.313725490196078,0.329577464788732,0.354166666666667,0.923333333333333,0.757062146892655,773.378289473684,6.57236842105263,27.6546052631579,28.5526315789474,29.0493421052632,28.3223684210526,33.4309210526316,32.4835526315789,774.473684210526,30.7565789473684,30.6907894736842,30.4572368421053,-28951.1578947366,3797.5263157895,1846.57894736842,1165.47368421053,59131.631578948,8539.52631578943,2837.31578947366,3086.78947368425,-11599.7368421054,2499.68421052634,136747.842105264,24203.0526315787,261.621710526316,56.4276315789474,26.3453947368421,17.4473684210526,866.950657894737,121.677631578947,31.5690789473684,36.5164473684211,319.526315789474,36.2434210526316,1801.30921052632,396.542763157895,-91.230954050486,22.6885011441648,11.5520614035088,8.18421052631578,267.527402080785,42.3392477405636,14.0991335921771,15.1453133478026,-44.0104489164089,15.8750000000001,483.010278141976,105.06954887218,-8.37828947368416,23.4276315789474,10.3453947368421,8.44736842105263,158.950657894737,29.1776315789474,12.5690789473684,12.5164473684211,-18.4736842105264,14.2434210526316,307.309210526316,86.5427631578947,1035,63,54,46,896,150,65,69,1094,67,1832,427,265,2,24,25,28,22,31,31,412,27,32,30,0,0,0,0,0,0,0,0,0,0,0,0,0,0,0,0,0,0,0,0,0,0,0,0,5
"512",16013,8006,112.5,46.25,41,37,63.5,58,48.25,51.5,106.75,47.75,75,69.25,113,15,8,7.5,7,9.5,9,8,8.5,15,8,10.5,10,15,8,7.5,7,9.5,9,8,8.5,15,8,10.5,10,11,7,7,6.5,8.5,8,7.5,7.5,10.5,7.5,9,9,0.794934449926848,0.792905767465281,0.805201590429952,0.702999657181325,0.78093389196453,0.777978176166068,0.849011299615812,0.807914553651453,0.819525071945102,0.785946487267836,0.829271576499615,0.824569906546085,0.707854938944354,0.8348839944899,0.847910808456387,0.801139943414228,0.907588525249085,0.897279749900845,0.90338497693048,0.893327261820648,0.749410739828517,0.892549061445715,0.915065387440805,0.903342190455045,13087.0000238419,1310.00002789497,1457.0000449419,1191,32428.9993436337,4211.99993824959,1288.9999935627,1495.00009560585,24510.0000963211,1483.99994111061,55705.00515306,7444.99998688698,22.3692678204434,87.3686528182702,24.3522665000576,17.4483758834227,107.108141669864,42.869106159033,16.0564731242565,14.2218121182598,21.7047257967237,18.6790996455211,56.6554240867302,30.8863346448966,41.3958607227287,25.9994708711219,29.8223307470302,29.0571228068231,31.4155725113326,29.6139160602193,27.0540650038545,27.6767467853916,69.4776860068541,28.5737184381858,27.2520080675023,26.2031802210101,0.347245409015025,0.636363636363636,0.261904761904762,0.215189873417722,0.904967602591793,0.642458100558659,0.350877192982456,0.391304347826087,0.25645872715816,0.375,0.939163498098859,0.81592039800995,772.486111111111,5.84722222222222,27.8854166666667,28.53125,29.5069444444444,28.3680555555556,33.2326388888889,32.1944444444444,774.565972222222,32.3680555555556,31.4479166666667,30.6111111111111,-33962.7222222218,3843.05555555557,2299.79166666668,1621.875,73900.8611111119,10592.638888889,4122.84722222228,4574.11111111114,-7194.81944444453,3808.63888888886,200890.541666669,31730.7777777782,84.5138888888889,41.1527777777778,27.1145833333333,20.46875,955.493055555556,132.631944444444,49.7673611111111,52.8055555555556,382.434027777778,50.6319444444444,2307.55208333333,392.388888888889,-75.4661111111102,18.9095345345346,13.401168699187,9.54307432432432,286.685968941383,44.9465996168584,20.8606253598159,21.8152642934197,-16.577681824096,19.8937245491564,662.042083333337,112.915964701164,-26.9861111111111,17.1527777777778,13.1145833333333,9.46875,222.493055555556,38.6319444444444,20.7673611111111,21.3055555555556,-9.56597222222217,18.6319444444444,456.052083333333,88.3888888888889,857,47,55,49,985,161,83,85,1157,83,2339,423,214,2,24,25,25,22,29,29,414,28,29,30,0,0,0,0,0,0,0,0,0,0,0,0,0,0,0,0,0,0,0,0,0,0,0,0,5
"4456",8681,4340,130.5,94,73.75,66,114,91.25,83.25,90.5,133.75,80.25,124.5,107,138.75,14,11.5,10.5,10,12.5,11.5,11,11,13.5,10.5,13.5,12.5,14,11.5,10.5,10,12.5,11.5,11,11,13.5,10.5,13.5,12.5,12,10.5,8.5,8.5,11.5,10.5,9.5,10,12.5,9.5,11.5,10.5,0.870359578238314,0.805564854982951,0.910129718661719,0.871985538239494,0.903845986042351,0.921180623670763,0.924183154706962,0.885197673489537,0.970751779802889,0.870328352175839,0.921290601126931,0.838292323475139,0.881081694957745,0.906273506338048,0.839573688326136,0.795928762740074,0.924166257869417,0.897493547111001,0.880379498015401,0.866978154678188,0.864984453532667,0.892328676599998,0.87759417676518,0.849143123841645,29298.9999537468,2712.00000751019,1578.99997681379,1208.99999499321,29973.9998695254,5786.00009906292,2743.00001043081,1931.99981671572,49873.0001442432,2122.00000953674,54616.9979219437,11995.999417305,52.4534147331704,81.533057095466,20.1741661482206,13.2197431340418,38.959838154884,23.7717155280018,18.1655705248683,10.3712259446287,39.7714650236285,13.8748511764555,18.6555063116261,21.0117916491459,49.2241588377485,25.0518242639307,25.8286627777832,24.076017509039,24.3032366094938,24.2178489995436,24.5917795377344,23.1584253300747,64.2731979964331,23.490927509997,21.5625912096837,21.8027575390377,0.420722135007849,0.746031746031746,0.373737373737374,0.288888888888889,0.931740614334471,0.732342007434944,0.510204081632653,0.523809523809524,0.384523095380924,0.460992907801418,0.962082455612398,0.864197530864197,770.103550295858,5.25581395348837,27.8052325581395,28.5581395348837,29.6104651162791,28.1656976744186,32.1337209302326,31.4622093023256,768.982035928144,33.3895348837209,31.9767441860465,30.7209302325581,-60352.4704142005,7931.0232558139,5278.09593023261,3698.23255813956,180468.191860466,26245.0377906975,11275.7848837209,11873.4738372092,-15046.0299401198,9637.80813953477,502057.906976737,88566.8837209292,744.896449704142,52.7441860465116,48.1947674418605,30.4418604651163,1597.38953488372,221.834302325581,84.8662790697674,87.5377906976744,812.017964071856,75.6104651162791,3528.02325581395,620.279069767442,-115.500102019995,20.3771647699158,16.9744284588097,12.5592847075405,393.9706752346,70.8616995858551,33.3557685592568,32.4300558910444,-28.1222228440317,29.8378794464969,1005.79434015129,205.134209954356,-92.603550295858,18.7441860465116,13.1947674418605,9.44186046511628,256.889534883721,55.8343023255814,30.8662790697674,28.5377906976744,-29.9820359281437,27.6104651162791,694.023255813953,178.279069767442,1515,58,76,59,1627,250,117,119,1581,109,3560,651,289,-11,23,26,29,24,29,28,451,29,42,32,0,0,0,0,0,0,0,0,0,0,0,0,0,0,0,0,0,0,0,0,0,0,0,0,0
"452",15116,7557,282.75,161.75,146.75,121.75,175.5,188.5,191.75,179,311.5,168.75,227.25,187,313.25,29,26,26,25.5,26.5,27,26.5,26.5,29.5,26.5,28,26.5,29,26,26,25.5,26.5,27,26.5,26.5,29.5,26.5,28,26.5,16.5,14,13.5,13,14.5,14.5,15.5,14.5,17.5,15,16,15,0.303165012028635,0.287152650934423,0.280955242116065,0.276302238466672,0.269737449250039,0.26840192491855,0.292929733934314,0.294289834704041,0.432004728256465,0.279116575817053,0.290391741327495,0.271266966333975,0.452772210924304,0.402979194711013,0.376469291845131,0.359993321520284,0.400300286261102,0.408429180648216,0.408999874504652,0.392372903751852,0.497018502060172,0.394113636432289,0.433998639959857,0.399688447609178,47757.0001386404,4170.00008130074,3102.99987602234,2650.00003618002,43724.9982175827,6946.9999307394,3215.99995952845,2608.00014585257,53787.9996966124,3204.00009047985,81653.0047454834,14732.0002222061,36.4345381128941,91.2271806367954,16.6165002570555,11.7609158507906,52.4450417609079,20.6372050721964,12.6561870632057,6.63341444229624,17.9987880915552,13.9320909600659,20.1014968787762,17.4107147103275,39.1632427183156,25.0571743772206,24.6667731063879,25.1266959721747,25.062101881585,24.1351224783902,22.117050006346,21.1374608652837,51.95412074227,23.1120702077716,21.3312220723865,21.3927016192539,0.431666666666667,0.636363636363636,0.270588235294118,0.189873417721519,0.825910931174089,0.624309392265193,0.333333333333333,0.357798165137615,0.299801455989411,0.327272727272727,0.878364905284148,0.726851851851852,772.357446808511,5.52330508474576,27.5720338983051,28.9449152542373,29.5402542372881,28.2648305084746,32.3686440677966,31.5995762711864,774.682203389831,33.4809322033898,31.7224576271186,30.9258474576271,-116623.880851067,12943.2987288138,7735.24152542395,4988.02118644054,234911.061440683,33490.1673728821,13274.0889830505,14381.7309322035,-31589.800847458,12140.3919491522,616518.760593226,104702.913135596,344.642553191489,46.4766949152542,29.4279661016949,20.0550847457627,1042.45974576271,147.735169491525,47.6313559322034,48.4004237288136,570.317796610169,44.5190677966102,2197.27754237288,398.074152542373,-103.566995880131,19.1335728132451,11.6460240233305,8.29533115233348,314.904190207161,42.8359652474943,16.7187092568446,18.8613175835622,-25.3724120575675,16.7264752040174,661.823196938341,132.405703344514,-52.3574468085106,17.4766949152542,10.4279661016949,7.05508474576271,261.959745762712,35.7351694915254,14.6313559322034,17.4004237288136,-11.6822033898305,15.5190677966102,556.277542372881,116.574152542373,1117,52,57,49,1072,176,80,80,1345,78,2229,429,255,1,24,25,30,25,29,28,458,29,38,30,0,0,0,0,0,0,0,0,0,0,0,0,0,0,0,0,0,0,0,0,0,0,0,0,5
"462",9382,4690,163,60.5,0,0,146.25,55,62,67.25,165.75,52.75,95.5,98.75,168,14,8.5,0,0,14,9,9,9,14.5,9,11.5,11,14,8.5,0,0,14,9,9,9,14.5,9,11.5,11,14,8.5,0,0,13.5,7.5,8.5,9,14,7.5,10.5,11,0.985908380649489,0.949453327883584,0,0,0.917164323187654,0.857958539908467,0.988333343785933,0.933747302488312,0.951353655093427,0.897640227929242,0.902216662204814,0.881244987584208,0.958897595646344,0.936697544442495,0,0,0.943438377706011,0.804898527259366,0.887953846465107,0.945855818664647,0.973392297033573,0.825111454522338,0.915290243232436,0.947101127970292,28557.99995327,1578.00000923872,1231.00000995398,1304.00000500679,1491.99992465973,1773.99999547005,1375.00001072884,557.00002592802,32573.0007781982,1008.99998962879,6050.99997711182,3927.00019836426,13.8677432341023,63.1602412412854,0,0,5.88168532849092,12.8804656263468,5.46460056992895,2.87035344212407,6.34549303489644,5.55205231196414,2.16837093430216,22.5201472933213,34.3210953041295,23.819747388607,0,0,15.213703638954,24.419698968449,21.7129782880091,16.841182122268,37.6548719680062,19.2713184969857,15.1829888416938,21.4069879585668,0.540677966101695,0.636363636363636,0,0,0.608247422680412,0.252747252747253,0.149425287356322,0.186813186813187,0.411222136817832,0.152941176470588,0.693798449612403,0.670103092783505,763.145,7.3625,28.18,28.9525,29.6475,29.305,33.4075,33.0225,766.51,31.43,30.7575,30.995,-43266.4399999993,4622.39999999995,1249.03999999999,776.920000000006,28783.8800000004,4292.04000000001,3305.16000000004,3595.87999999998,-17516.7199999997,2760.04000000003,163029.959999998,28283.3600000002,177.855,57.6375,11.82,7.0475,144.3525,30.695,20.5925,22.9775,206.49,21.57,880.2425,292.005,-66.7661656441707,19.8151859504131,0,0,48.231132478633,16.3859090909092,10.3747580645162,10.2154182156134,-26.6004977375561,10.6837440758294,375.410039267012,65.1189240506332,21.855,19.6375,0,0,34.3525,16.695,10.5925,8.9775,21.49,10.57,323.2425,52.005,941,65,40,36,174,60,54,56,973,53,911,323,216,2,24,25,32,19,27,31,318,27,51,33,0,0,0,0,0,0,0,0,0,0,0,0,0,0,0,0,0,0,0,0,0,0,0,0,5
"412",15739,7869,137.5,39.75,0,0,83.25,45.5,0,42.25,134.75,0,98.5,108.5,141.75,13.5,8,0,0,11,9,0,8,13,0,12,11.5,13.5,8,0,0,11,9,0,8,13,0,12,11.5,12.5,5.5,0,0,9.5,6,0,6,12.5,0,10,11.5,0.765560486761842,0.716155553103177,0,0,0.737961032837953,0.674322716812019,0,0.742581173116581,0.752693792084122,0,0.771078104553525,0.798272426546168,0.954091605427872,0.696551291165588,0,0,0.823760549492238,0.639700524556574,0,0.729938139721684,0.951146111161765,0,0.823251171193059,0.907078126407158,23515.0005149245,1340.00000107288,1183.99998736382,1052.00000500679,3065.00006723404,1409.00002664328,1275,729.999993264675,28721.9999091625,1140.99999761581,7064.00091648102,1421.00002884865,19.1007531761539,66.4416493911468,0,0,9.71322588186105,15.0932567436291,0,4.24023551920268,10.7978607863566,0,4.59025202871372,6.63628860986867,39.0594242217825,27.9081026333903,0,0,20.4854335945769,26.4808348419883,0,21.43601936897,43.5819082374599,0,18.0454356056249,19.4852048321583,0.609215017064846,0.644444444444444,0,0,0.68976897689769,0.304347826086957,0,0.15,0.488372093023256,0,0.763265306122449,0.552941176470588,763.857954545455,5.01420454545455,28.1534090909091,29.0710227272727,29.1619318181818,27.8892045454545,31,30.5767045454545,767.636363636364,34.5028409090909,31.8607954545455,30.7301136363636,-32765.4602272731,3105.94602272729,1016.01704545454,547.730113636359,27799.1846590912,3711.82102272729,2014,2092.00852272729,-11108.8181818183,1501.88920454544,90846.9289772732,14846.0255681817,250.142045454545,34.9857954545455,10.8465909090909,8.92897727272727,247.838068181818,34.1107954545455,17,17.4232954545455,261.363636363636,15.4971590909091,667.139204545455,121.269886363636,-59.9070454545461,20.4826508004574,0,0,76.6608910046416,18.3910152347653,0,9.21027770306619,-21.2838589981449,0,215.811793377943,32.7468448889818,23.1420454545455,22.9857954545455,0,0,53.8380681818182,19.1107954545455,0,9.42329545454545,23.3636363636364,0,151.139204545455,20.2698863636364,1014,40,39,38,277,62,48,48,1029,50,699,152,178,-1,24,25,30,18,24,28,273,29,44,32,0,0,0,0,0,0,0,0,0,0,0,0,0,0,0,0,0,0,0,0,0,0,0,0,5
"389",14824,7411,109.5,66.25,66.5,58,85.5,84.75,80.25,84,104.75,75.5,93,88,113.75,11.5,9.5,9,8.5,10,10.5,10,10,12,10,11,10.5,11.5,9.5,9,8.5,10,10.5,10,10,12,10,11,10.5,11.5,9,9,8,10,10,9.5,10,11,9.5,10,10,0.979311732237388,0.889785945784212,0.921380841780899,0.850472013610753,0.965733918745827,0.937334590230943,0.961094838200742,0.876448372025939,0.981519093845514,0.885085525920555,0.97515319524789,0.935032522122698,0.977495413097007,0.936843153501109,0.936806549040552,0.962358369472991,0.970589574794539,0.960923074629726,0.943014708928658,0.956879432421566,0.941367579169029,0.950839541169092,0.930511185567184,0.985989161136268,21858.0000007153,2091.9998472929,1649.00000429153,1308.99999380112,42929.9999904633,5452.9997780323,1920.99999785423,1674.00000220537,18951.9999952316,1961.00001275539,60869.9998779297,10648.001313448,52.6309546603268,105.865457144645,28.6109203668324,23.0629256160258,146.014461289788,50.6404154606264,15.7345348110632,16.001933725627,25.3065645637912,31.2695183289247,56.1298909409311,43.7366716607399,40.7004456656104,28.6797444999571,28.6113347775611,30.03498674717,30.8930280443767,28.192011103563,24.1469140016753,25.0871749946819,63.8790827319669,27.4900266420598,24.9791640937048,24.9404233563152,0.435333896872358,0.6875,0.28735632183908,0.228915662650602,0.89066918001885,0.65979381443299,0.356521739130435,0.379310344827586,0.217747440273038,0.36283185840708,0.892921960072595,0.78076062639821,771.011627906977,6.1046511627907,27.5697674418605,28.6366279069767,29.4854651162791,28.4476744186047,33.2441860465116,32.3895348837209,773.607558139535,32.2645348837209,31.7383720930233,30.7994186046512,-54522.2906976745,6878.38372093017,4349.75581395344,2886.33430232559,137831.113372094,19993.308139535,7611.89534883726,8149.76162790687,-13807.4389534882,7044.63662790689,356877.040697675,59416.2645348842,100.988372093023,55.8953488372093,34.4302325581395,24.3633720930233,1079.51453488372,151.552325581395,49.7558139534884,59.6104651162791,360.392441860465,51.7354651162791,2273.26162790698,550.200581395349,-124.767335669534,25.4689337428696,15.5467739115229,11.428027265437,396.508686930506,58.1953934280033,23.1016083460118,23.8068936877074,-33.2925223400119,22.8116240566762,946.541197799451,165.845467758986,-58.0116279069767,26.8953488372093,15.9302325581395,11.3633720930233,386.514534883721,58.5523255813954,24.7558139534884,26.1104651162791,-15.6075581395348,24.2354651162791,1038.26162790698,173.700581395349,872,62,62,53,1109,180,83,92,1134,84,2305,581,277,2,25,26,36,24,31,30,474,29,52,33,0,0,0,0,0,0,0,0,0,0,0,0,0,0,0,0,0,0,0,0,0,0,0,0,5
"4443",3869,1934,104.5,50.75,29.25,0,56.75,51.75,47.75,50.5,87,39.75,77.75,64.5,107.5,11.5,8.5,6.5,0,9,8.5,8.5,8,11,7,10,9,11.5,8.5,6.5,0,9,8.5,8.5,8,11,7,10,9,11.5,7.5,6,0,8,8,7,8,10,7,9.5,8.5,0.824571504390976,0.688161148742785,0.707239116163232,0,0.633370848682128,0.698677418182145,0.984919847827338,0.902751602681642,0.765599106208387,0.795248806705181,0.884694469043321,0.745700364561911,0.982289079555463,0.844586921841224,0.860489449059537,0,0.866398375653273,0.974382161519715,0.830524447277981,0.972103000962015,0.923303832345782,0.839699962121335,0.939844804731027,0.926493464714744,21286.0007140636,2020.99994540215,936.000000119209,840.999999403954,9246.99989891052,2203.9999871254,1103.00000452995,807.999996900558,22027.9998207092,1387.0000320673,19941,5527.99981999397,58.4288530096753,251.634028955972,17.6155869633064,0,161.747778176623,42.4334822049874,24.0285824956593,10.6378327393132,59.6800128130439,41.283019099901,35.8001702402722,83.0545241913349,45.3526106853487,32.8796084433697,26.1493851390023,0,33.2110743385139,31.2129291482607,27.949131926756,24.8785628180169,65.1684294161254,32.4957757223171,24.1922439355321,28.326049199866,0.426938775510204,0.681159420289855,0.162162162162162,0,0.821782178217822,0.495327102803738,0.227272727272727,0.230769230769231,0.343500363108206,0.25,0.885095753538718,0.759103641456583,759.944444444444,6.54166666666667,28.1909722222222,28.8715277777778,29.0972222222222,28.3715277777778,31.7048611111111,32.1319444444444,760.180555555556,32.5034722222222,30.75,30.7222222222222,-35306.1111111113,4514.08333333332,1262.88194444445,642.243055555551,30111.1944444443,4295.24305555558,2564.9097222222,2666.26388888891,-16954.6388888887,2200.50694444446,125546.5,23921.4444444443,171.055555555556,75.4583333333333,15.8090277777778,11.1284722222222,484.902777777778,56.6284722222222,25.2951388888889,24.8680555555556,518.819444444444,27.4965277777778,1165.25,368.277777777778,-84.980329611909,22.3598111658456,8.33039529914532,0,126.382953989231,21.1405495169082,11.8815263234439,12.3482535753576,-50.4449233716471,12.3770309224319,395.886655948553,89.6576227390178,-3.94444444444446,21.4583333333333,7.80902777777778,0,82.9027777777778,17.6284722222222,11.2951388888889,11.3680555555556,-13.6805555555555,11.4965277777778,329.25,67.2777777777778,931,82,44,40,514,85,57,57,1279,60,1196,399,305,1,23,25,28,19,27,29,376,24,33,30,0,0,0,0,0,0,0,0,0,0,0,0,0,0,0,0,0,0,0,0,0,0,0,0,0
"393",10585,5292,91,35.25,34,28,66.5,54.25,46.75,56,92.25,38.5,85,71.75,94.5,11,7,6.5,6,9.5,9,8.5,9,11,7.5,11,10.5,11,7,6.5,6,9.5,9,8.5,9,11,7.5,11,10.5,10,6,6,6,8.5,7.5,6.5,7.5,10,6,9.5,8.5,0.903177062844201,0.926179009634727,0.920312803683652,0.935976686341792,0.898036546739136,0.872390358637968,0.775153576043034,0.900256872541134,0.918766851116241,0.874705629834431,0.86103883677127,0.818764764272031,0.887850561043361,0.844910501810431,0.872584029579406,0.98186119496536,0.894790240093745,0.818399127485166,0.741172543026961,0.837383964870168,0.896447188538121,0.793939043597278,0.877324232699608,0.842661912637694,18620.9999980927,919.000030994415,709,661.999999761581,9062.99991464615,1391.99999439716,555.999999761581,398.999998927116,17167.0003781319,685.000048995018,11945.0001068115,1890,43.9060805967374,77.5932738665188,13.4092768343949,11.6672696263373,28.9454584351363,18.7761514016834,8.79228117671131,3.15822153232066,16.3486413980663,7.59440774137794,11.8725559857327,8.74192873429939,45.4243712163433,28.6672095176507,24.3884139454835,25.4227151623679,24.5573000973717,25.319245222215,22.2460645754234,21.1305775164861,52.186214623879,24.6437587860705,21.8759625156004,22.1511270224462,0.494345718901454,0.63265306122449,0.215189873417722,0.146666666666667,0.8176,0.539568345323741,0.217391304347826,0.263157894736842,0.29637526652452,0.234042553191489,0.872868217054264,0.711340206185567,772.935975609756,5.13109756097561,27.75,28.7987804878049,29.1371951219512,27.9603658536585,32.2682926829268,31.3536585365854,774.920731707317,33.0091463414634,30.9786585365854,30.5,-26516.7987804876,3220.44512195118,1869.5,1208.06097560976,54257.140243903,7765.981707317,2787.58536585363,3143.31707317071,-8256.03658536593,2586.54268292684,132554.067073171,22289,179.064024390244,36.8689024390244,21.25,15.2012195121951,615.862804878049,85.0396341463415,26.7317073170732,30.6463414634146,154.079268292683,27.9908536585366,1262.02134146341,249.5,-73.1749865987665,22.4008173326413,11.4044117647059,8.25479094076657,196.851526682561,33.5050719343597,12.501760793009,12.8695557491289,-22.5521680216804,14.3544900221729,385.33604734577,75.1341463414634,13.064024390244,24.8689024390244,12.25,8.20121951219512,123.362804878049,30.0396341463415,11.7317073170732,10.6463414634146,10.079268292683,14.4908536585366,228.021341463415,51.5,952,42,49,44,645,113,59,62,929,61,1293,280,232,1,25,26,36,24,31,31,427,28,61,33,0,0,0,0,0,0,0,0,0,0,0,0,0,0,0,0,0,0,0,0,0,0,0,0,5
"465",18516,9257,149.5,58.75,47.5,0,89.25,86,100.75,106.5,160.25,68,126.25,138,162,15,9,8,0,11,11.5,12.5,12.5,15.5,10.5,13,14,15,9,8,0,11,11.5,12.5,12.5,15.5,10.5,13,14,12.5,7.5,7,0,10,9.5,10.5,10.5,13,8.5,12,12.5,0.865645753616972,0.82807976113606,0.848813664274465,0,0.824862422958343,0.77269256061565,0.802041918271968,0.832146745607362,0.88329814356558,0.818498108483623,0.833818149096513,0.818302600598291,0.845038177972052,0.813176430428346,0.846847392622617,0,0.906822486901152,0.787966061091147,0.781041656451659,0.84201687121154,0.84949165901183,0.762802158020776,0.882748974008142,0.877175681838407,28564.9999680519,1498.00001090765,1151.99999642372,1144.99999934435,6110.99989795685,1661.00015449524,1805.99994385242,720.000011920929,36310.0008745193,1494.00002765656,11779.9990692139,2842.0000038147,22.8055877235065,47.3838662915503,12.0338854304947,0,6.41584337340183,9.28634477979982,12.1207800456507,4.12580402544663,12.2698381725082,12.0651808094355,2.88231814714509,5.19678449946854,35.8882180335033,23.6261197597012,19.417729616503,0,17.6425316434267,19.438341307963,21.6781967226244,16.9778031708557,44.7671468856205,20.3597434322427,15.8240150518637,16.4044418943627,0.57489539748954,0.6,0.168831168831169,0,0.712050078247261,0.5,0.290322580645161,0.257731958762887,0.37155297532656,0.242105263157895,0.808093994778068,0.703947368421053,773.718137254902,6.1593137254902,27.5833333333333,28.6838235294118,29.0906862745098,28.1764705882353,33.0759803921569,32.3063725490196,774.394607843137,31.406862745098,30.8308823529412,30.4338235294118,-54803.3529411765,5108.76470588229,2649.99999999998,1599.88235294119,84001.2352941186,12760.6470588234,5533.76470588243,5770.47058823537,-14644.7058823526,5016.35294117651,263585.588235291,45871.8823529408,229.281862745098,35.8406862745098,18.4166666666667,14.3161764705882,547.90931372549,80.8235294117647,31.9240196078431,30.6936274509804,211.605392156863,30.593137254902,1437.16911764706,253.566176470588,-92.2532543117583,21.555579891531,10.3798245614035,0,209.651610644258,32.9601573187413,12.2019352405975,12.5128762772716,-22.9156686855705,14.9424019607844,498.539414676758,81.1712489343557,12.281862745098,22.8406862745098,10.4166666666667,0,161.90931372549,27.8235294117647,10.9240196078431,10.6936274509804,12.6053921568628,14.593137254902,371.169117647059,58.0661764705882,1003,42,46,43,577,109,65,63,986,62,1468,284,193,0,24,25,33,26,31,30,401,28,75,37,0,0,0,0,0,0,0,0,0,0,0,0,0,0,0,0,0,0,0,0,0,0,0,0,5
"532",2239,1119,96.75,31.5,36.25,28.75,66,64.25,58.75,56,94.5,43.75,95.25,76,108.25,16,6.5,7,6,9,9.5,9,8.5,12.5,7.5,11.5,10,16,6.5,7,6,9,9.5,9,8.5,12.5,7.5,11.5,10,10.5,6,6.5,6,9,9,8,8,11.5,7,10.5,9.5,0.90492635697322,0.957562577719288,0.843053799314842,0.804767240636274,0.798154271816368,0.828645296398979,0.841255518671777,0.883115219328591,0.852690264800474,0.884799632312066,0.860103241800756,0.876818859070875,0.639583343776021,0.947757094136595,0.969417056357887,0.953854926861241,0.935209324157055,0.891318212828996,0.904803425763968,0.924311961214441,0.853771071337054,0.883689446671667,0.919643468089733,0.904038669809707,15414.0000114441,1214.0000448823,863.000036001205,775.999993801117,12012.9988629818,2087.99983489513,749.000008225441,519.999996066093,17733.9998457432,598.999997258186,18024.000607729,2634,34.0981656767791,87.4505375214483,14.4016926231296,12.7469933967712,45.7410878192515,20.051822930148,8.85881960170708,3.95327143438751,16.7896239770902,7.09592641261498,12.6418929091063,9.21071941796314,43.4777880224007,29.1535939807469,26.4241139924189,25.6972498152071,26.3192083288343,25.8680763669548,22.6610175946394,21.2903814248365,53.1341867123407,23.3477987077336,21.8806331334087,22.0173821963994,0.519134775374376,0.615384615384615,0.215189873417722,0.146666666666667,0.83026874115983,0.549295774647887,0.298969072164948,0.292929292929293,0.308885754583921,0.252525252525253,0.893738140417457,0.727848101265823,774.570987654321,4.6859756097561,27.7042682926829,28.530487804878,29.1463414634146,27.5335365853659,31.0396341463415,30.5274390243902,775.533950617284,32.9146341463415,31.1920731707317,30.25,-26615.2376543213,3164.97256097563,1955.05182926831,1302.29878048781,61195.6341463419,8690.97865853651,3644.83841463412,3958.618902439,-6405.20061728399,3212.96341463413,173702.832317072,27796.75,242.429012345679,38.3140243902439,22.2957317073171,15.469512195122,685.853658536585,85.4664634146341,32.9603658536585,35.4725609756098,215.466049382716,29.0853658536585,1525.80792682927,261.75,-70.1988946310659,24.0441831204027,11.688835155593,8.56516436903502,223.130173688101,32.1201599126885,14.1348339387649,16.0350609756097,-17.4466490299825,16.2967944250871,453.868294283334,88.7763157894737,10.429012345679,26.3140243902439,12.2957317073171,8.46951219512195,139.853658536585,19.4664634146341,10.9603658536585,13.4725609756098,11.4660493827161,16.0853658536585,234.807926829268,57.25,1017,43,50,44,715,113,64,66,991,62,1557,292,244,0,25,25,25,25,29,29,429,29,30,30,0,0,0,0,0,0,0,0,0,0,0,0,0,0,0,0,0,0,0,0,0,0,0,0,5
"511",3524,1761,153.75,102.75,71.75,0,104,86.5,74.75,90.75,140.75,74.5,120,91.75,155.25,13.5,12,10.5,0,12,11,10,11,13,10,13,11.5,13.5,12,10.5,0,12,11,10,11,13,10,13,11.5,13.5,11,9,0,11,10.5,9.5,10.5,12.5,9.5,12,10.5,0.901910063791849,0.833356858643896,0.815305147071865,0,0.708279441154897,0.800523202186788,0.769317703914424,0.816528417505878,0.920129507651179,0.85384313328403,0.799425688556607,0.591185670884637,0.966195204811581,0.921061664720412,0.870242081050844,0,0.853542409102949,0.823889789184141,0.865922956650572,0.882040468279878,0.967914373589401,0.827006020750186,0.906295006997177,0.893304422260332,19569.998986721,2122.99986386299,1389.99993181229,1100.99998426437,12928,2125.00002151728,1718.000010252,850.999999523163,37317.9997042418,1426.00003558397,21528.0011308193,11021,19.7394055255387,98.5487933063615,18.1187702029913,0,46.5732189178083,20.6042219814955,15.6976219934929,5.35036438797463,31.0465248161986,14.103116137385,19.3111530176082,211.145831872893,31.2282896281942,22.3505809582279,23.2697309725233,0,24.4754285395211,24.1335177455224,24.5987199396531,20.3044768555524,60.7585113749121,25.9632067963686,20.39247241032,38.2464209072356,0.356047700170358,0.678571428571429,0.162162162162162,0,0.809935205183585,0.433628318584071,0.25,0.284210526315789,0.354923992068738,0.237113402061856,0.89769820971867,0.804971319311663,764.360119047619,5.29166666666667,28.1428571428571,28.9434523809524,29.25,28.0178571428571,31.6339285714286,30.9315476190476,768.83630952381,33.7053571428571,31.1666666666667,30.75,-74856.6339285711,8736.87500000002,2596.28571428568,1503.11607142859,59459.75,8862.91071428579,4755.3303571429,5695.50892857139,-26704.3482142855,4188.9732142857,217555.500000002,49326.25,200.639880952381,68.7083333333333,17.8571428571429,12.0565476190476,459.75,63.9821428571429,38.3660714285714,33.0684523809524,454.16369047619,31.2946428571429,1372.83333333333,1020.25,-121.721094657375,20.7837591240875,8.33797909407664,0,140.161057692308,25.1873451692817,15.466405876732,15.2420060999606,-47.8967002875748,13.8013542665387,449.045833333337,129.33446866485,-78.360119047619,20.7083333333333,7.85714285714286,0,126.75,24.9821428571429,16.3660714285714,15.0684523809524,-38.8363095238095,13.2946428571429,391.333333333333,112.25,965,74,46,41,489,92,70,64,1223,65,1404,1051,273,1,25,26,27,22,26,27,421,30,34,28,0,0,0,0,0,0,0,0,0,0,0,0,0,0,0,0,0,0,0,0,0,0,0,0,5
"520",10482,5240,127,40,37.5,0,69.75,59.25,51,51.25,123.5,33.75,86,76,130.5,14,7,7,0,9.5,9,9.5,8,13.5,6.5,11,10.5,14,7,7,0,9.5,9,9.5,8,13.5,6.5,11,10.5,13,7,6.5,0,9,8,7.5,7.5,12,6,10,9,0.96253181242462,0.961440973918577,0.881273023484065,0,0.817411058961372,0.850510208206097,0.881072616879886,0.829487304387881,0.897712385375524,0.799258774073465,0.811098158358908,0.936925202137717,0.783967583781148,0.954649294714826,0.928280858645443,0,0.930438519412905,0.840015149836001,0.812301076631393,0.896002344370863,0.815611943515826,0.844773708201986,0.883364082605069,0.88597363109181,22442.0000133514,1530.00005328655,1059,1094.00000178814,7410.00053572655,1717.00000077486,1238.00000452995,583.000003814697,23899.0000104904,1016.00000011921,13920.9998096228,2741.00001299381,26.6736422702503,68.4900061999941,11.2577401895708,0,17.070099730546,12.9254314311758,12.8559320593242,3.47652605127446,12.2383817923146,6.70893475426053,9.01245345253786,11.3177465542682,40.0211714171376,26.1067720289934,23.2822140603551,0,23.7855662464562,24.3574933599802,25.8571269138515,20.7263350436389,44.4058670841294,21.4067395353594,21.1330443638143,22.0943146600193,0.533546325878594,0.636363636363636,0.230769230769231,0,0.81619937694704,0.536231884057971,0.247311827956989,0.242105263157895,0.404383975812547,0.195876288659794,0.849854227405248,0.70873786407767,772.718023255814,5.46802325581395,27.593023255814,28.6889534883721,28.9883720930233,27.8837209302326,32.2848837209302,31.6046511627907,774.773255813953,32.7209302325581,31.3779069767442,30.7441860465116,-29034.8081395347,3384.69186046512,1820.44186046512,1170.36627906976,52780.069767442,7526.69767441854,2932.29069767439,3089.37209302328,-10381.6395348839,2509.67441860463,141522.732558141,26032.534883721,238.281976744186,41.531976744186,22.406976744186,13.3110465116279,571.011627906977,85.1162790697674,28.7151162790698,29.3953488372093,218.226744186047,26.2790697674419,1286.62209302326,265.255813953488,-57.4069996337663,22.0194767441861,10.0069767441861,0,178.696215720597,29.7280934157589,12.1317829457364,13.0733976176971,-21.2671829394598,14.9679586563307,392.119186046512,80.8314718482253,13.2819767441861,22.531976744186,9.40697674418605,0,113.011627906977,25.1162790697674,10.7151162790698,11.3953488372093,15.2267441860465,14.2790697674419,245.122093023256,55.2558139534884,1011,47,50,42,600,113,61,61,993,59,1318,296,237,-2,24,26,28,23,29,30,336,28,33,29,0,0,0,0,0,0,0,0,0,0,0,0,0,0,0,0,0,0,0,0,0,0,0,0,5
"398",5323,2661,128.25,85,48,0,93.25,81.75,70.5,76.25,137,61.75,99.75,82,139.75,12.5,11.5,8.5,0,11.5,10.5,9.5,10,13,8.5,11,11,12.5,11.5,8.5,0,11.5,10.5,9.5,10,13,8.5,11,11,12.5,9.5,7.5,0,10,10,9.5,10,13,8.5,11,9.5,0.877811084372787,0.651313070115862,0.767972285473527,0,0.790068723302583,0.694748236687333,0.91789353315639,0.901501262334323,0.881475190655539,0.850421503227477,0.914556787020446,0.513241794886906,0.979848524958905,0.856937637329016,0.841073219948065,0,0.926816995509496,0.978111181778668,0.979589592274832,0.968233070449466,0.934535996734531,0.947526482482344,0.984900844858351,0.814599762179834,24288.000014782,2305.99995088577,1754.00000804663,1151.99999934435,18251.9994401932,3030.99999493361,2105.99998033047,1677.99995136261,55241.0000720024,1537.99990272522,41328.998374939,9866.9999756813,29.279963638775,104.429307320885,28.5908979368405,0,50.2510763004787,24.7698380396499,21.9166089461371,12.7801276794969,36.9188189530622,16.3388534462675,34.3220785614466,92.8384397974849,40.5584919688337,24.8889861773321,34.0471550889791,0,27.298405595525,28.5084640791293,28.0263533906181,25.5924751244084,60.9098123308671,26.0295476936823,23.6376332202667,30.9767138927411,0.442188879082083,0.6,0.215189873417722,0,0.790523690773067,0.407407407407407,0.306930693069307,0.320388349514563,0.434620174346202,0.242718446601942,0.909847434119279,0.741602067183463,762.193452380952,5.74404761904762,28.235119047619,29.3005952380952,29.5714285714286,28.360119047619,31.8363095238095,31.5089285714286,767.50303030303,34.6220238095238,32.3333333333333,31.2559523809524,-62307.139880953,6726.07738095235,2052.56845238095,1222.96726190478,48550.5714285717,7051.69345238088,4701.50297619051,5220.50892857146,-18287.193939394,3808.28869047617,202354.666666665,38941.9226190471,207.806547619048,46.2559523809524,21.764880952381,11.6994047619048,366.428571428571,66.6398809523809,47.1636904761905,44.4910714285714,552.49696969697,36.3779761904762,1663.66666666667,589.744047619048,-121.427370509608,18.8706582633053,8.68675595238096,0,128.200689391038,21.8967616863258,16.3126266464032,16.7795960187354,-33.3971908869721,15.3131988625409,502.395989974935,115.756242740998,-89.1934523809524,17.2559523809524,7.76488095238095,0,109.428571428571,20.639880952381,16.1636904761905,16.4910714285714,-22.5030303030303,15.3779761904762,472.666666666667,110.744047619048,970,52,50,41,396,95,79,76,1320,71,1696,621,171,2,24,25,27,19,27,28,301,26,35,30,0,0,0,0,0,0,0,0,0,0,0,0,0,0,0,0,0,0,0,0,0,0,0,0,5
"540",4107,2053,113.75,52.5,48.25,42,70.5,64.5,59.5,64.5,105.25,54.5,85,78.5,123.25,14,8.5,8,7.5,10,9,9.5,9.5,14,9,11,10.5,14,8.5,8,7.5,10,9,9.5,9.5,14,9,11,10.5,11,7.5,7.5,6.5,8.5,8.5,8,8.5,10,7.5,9.5,9.5,0.864213438558922,0.850205144484885,0.768434803536893,0.748537257810797,0.745687962199619,0.747253760582159,0.808951004023652,0.777845763117637,0.78818089694614,0.770043831488352,0.781771978440541,0.848321032522082,0.680507789160335,0.834966428834435,0.86018533890789,0.784560717054756,0.823428467120253,0.854977170525614,0.80038884447922,0.838635305130476,0.729346611575928,0.807953626284678,0.846215763147261,0.884507530093136,10358.9999818802,1737.99992465973,1548.00003886223,1051.00002229214,25875.9986858368,3659.99994319677,1143.99999630451,1064.99998790026,16225.0001072884,1266.99999326468,36951.9978086948,6714.00034421682,19.5935167610265,74.8956586184031,27.065647117555,16.7080492816123,120.954016619962,42.4230976422864,13.1926400841073,12.8531269807982,11.3634471096532,13.2414736129256,42.9599185051427,34.675164423115,35.5216536346078,26.5771684207071,30.485510403532,29.1644882184436,30.8919998901535,28.4441538682121,24.2513716145363,25.4210882360915,65.9724583871262,26.2152557299273,25.6370058224131,25.3369017934997,0.341729638958858,0.694915254237288,0.318181818181818,0.214285714285714,0.920792079207921,0.678048780487805,0.385964912280702,0.435897435897436,0.194587628865979,0.366666666666667,0.939126599029555,0.824175824175824,773.169871794872,5.1025641025641,27.8076923076923,28.8685897435897,29.3974358974359,28.0192307692308,31.7467948717949,30.9967948717949,774.862179487179,33.8557692307692,31.5128205128205,30.5416666666667,-37237.7467948722,4765.43589743585,3127.80769230767,2047.78525641023,105080.064102564,14777.5192307693,5687.83012820511,6342.58012820511,-6142.05448717955,5306.10576923071,268148.179487182,46491.9583333339,86.8301282051282,47.8974358974359,39.1923076923077,26.1314102564103,1410.60256410256,184.980769230769,57.2532051282051,63.0032051282051,233.137820512821,59.1442307692308,2647.48717948718,442.458333333333,-81.9720695970705,21.7021978021978,15.3581108011159,11.3576007326007,366.935897435896,56.7094514013121,23.2237933634992,23.9721973762671,-14.53676381022,24.102946365561,781.204826546007,146.04432059448,-26.1698717948718,21.3974358974359,15.1923076923077,11.1314102564103,313.102564102564,56.4807692307692,23.2532051282051,23.0032051282051,-11.8621794871794,25.1442307692308,477.98717948718,122.458333333333,860,53,67,55,1440,213,89,94,1008,93,2679,473,327,0,24,25,26,23,29,29,541,30,31,29,0,0,0,0,0,0,0,0,0,0,0,0,0,0,0,0,0,0,0,0,0,0,0,0,5
"415",1743,871,135.5,55.25,0,0,98.75,58.25,56,81.75,156.25,50.25,83.75,100.25,156.25,12.5,8.5,0,0,12,9,8.5,10.5,14,8,10,11.5,12.5,8.5,0,0,12,9,8.5,10.5,14,8,10,11.5,12.5,8,0,0,10.5,8,8.5,10,13.5,7.5,10,11,0.782020653204394,0.800869776152535,0,0,0.775364220448402,0.835406706124359,0.975028909954388,0.909167271527692,0.797195780371922,0.76911589205794,0.890657832776537,0.877725774880902,0.986570467242894,0.970279446316442,0,0,0.900315030441557,0.886800371313015,0.970304174354675,0.898626608298463,0.96378990887013,0.895133797542316,0.916610751714626,0.933993700979487,30261.0003790855,1883,1303.99999928474,1122.99999803305,4294.99997329712,2217.99999976158,1209.00000137091,543.999994277954,32444.9999448061,913.00001168251,7928.99982452393,2391.00000524521,24.8250256122542,62.3338612261938,0,0,9.17180195931671,17.8942297108811,9.17750495305267,2.51945113202712,8.90961936444428,5.33871726517171,3.54895607350422,8.06915580603499,39.1469755625234,25.2329526028544,0,0,19.079608135261,26.9793330743311,22.3113877659792,17.5262680181149,44.0683895609441,21.976252336833,16.5025644253075,18.293796819865,0.556478405315615,0.633333333333333,0,0,0.679442508710801,0.333333333333333,0.162790697674419,0.195402298850575,0.425757575757576,0.2,0.703213610586011,0.625,767.522727272727,6.53125,28.0340909090909,29.0767045454545,29.3579545454545,28.7471590909091,32.7954545454545,32.0738636363636,772.497159090909,31.9517045454545,31.2017045454545,30.6107954545455,-39183.7045454547,5022.96875,1587.69318181816,760.059659090915,33560.2784090906,4904.02556818185,3305.84090909093,3619.83522727275,-12523.7244318182,2853.18465909092,153085.934659093,27513.2528409094,205.477272727273,51.46875,11.9659090909091,7.92329545454545,225.642045454545,37.2528409090909,19.2045454545455,21.9261363636364,202.502840909091,25.0482954545455,935.798295454545,183.389204545455,-74.1832438778936,23.4189762443439,0,0,79.9230581127727,19.154128462739,11.0572240259741,9.501059911037,-20.037959090909,11.4612307779286,402.738593962008,64.4016733733852,19.4772727272727,24.46875,0,0,61.6420454545455,20.2528409090909,11.2045454545455,8.92613636363637,19.5028409090909,11.0482954545455,343.798295454545,52.3892045454545,973,58,40,37,255,66,52,54,975,57,967,214,187,0,24,25,30,16,28,31,294,29,49,32,0,0,0,0,0,0,0,0,0,0,0,0,0,0,0,0,0,0,0,0,0,0,0,0,5
"388",8376,4187,162.25,81.5,59.25,0,103.25,80,69.25,83.25,177,69.5,99,115,178,14.5,11,9,0,12,10,9.5,10,16,9.5,11,13,14.5,11,9,0,12,10,9.5,10,16,9.5,11,13,14,10,8.5,0,11,10,9,10,14,9,11,11.5,0.843796792144782,0.712399692865363,0.920569820987447,0,0.839397146984743,0.907503693575909,0.932597198129851,0.92744937390437,0.823746360720593,0.9458365623431,0.922406739219611,0.922190865415194,0.926004132712793,0.849403536334285,0.923187761097335,0,0.904804508698462,0.961692240214176,0.932770549753123,0.906417971449439,0.901954777978963,0.983210015597205,0.977645996812069,0.859914027798075,39013.9999876022,3077.99996781349,1471.00001186132,1335.99997234344,10248,2500.0000000596,1472.99997508526,848.999998450279,36362.9997572899,1237.99999809265,14791.0002441406,5234.99965071678,48.7050033987949,175.507161051925,16.6601486116543,0,34.501453044926,20.67784189144,10.2804694091479,3.61986137994111,16.8191267023686,6.57901875021192,7.07497047995597,29.2783394357806,40.3297570674716,28.7731505655025,22.1899890481753,0,23.4419045509193,23.707646803913,20.6805303972273,18.9369849381518,47.3881765193711,20.2888836546038,17.5486877584806,21.1549862423493,0.510407993338884,0.733333333333333,0.123287671232877,0,0.75197889182058,0.378640776699029,0.191011235955056,0.230769230769231,0.377611940298507,0.173913043478261,0.753375337533753,0.686411149825784,761.725,5.2975,28.075,29.0475,29.3125,27.945,31.7425,31.0975,766.9575,34.135,31.5375,30.865,-64797.2000000002,7818.1800000001,2160.60000000001,1291.18000000002,48397.5,7281.16000000008,4066.34000000006,4842.58000000005,-28628.7400000001,3589.87999999993,187198.299999998,39133.1200000002,199.275,93.7025,15.925,9.9525,366.6875,51.055,25.2575,28.9025,244.0425,21.865,1035.4625,274.135,-101.731163328198,24.355874233129,7.81529535864976,0,111.258928571429,22.2175000000001,12.459666064982,12.9145120120121,-40.4744491525425,11.7283093525179,435.7428030303,81.0197826086956,18.275,25.2025,7.925,0,87.6875,23.055,12.2575,11.9025,14.0425,11.865,396.9625,62.135,961,99,44,39,396,79,57,60,1011,56,1067,305,251,0,24,26,29,17,27,29,375,28,42,32,0,0,0,0,0,0,0,0,0,0,0,0,0,0,0,0,0,0,0,0,0,0,0,0,5
"4432",1517,758,325,136.25,105.5,0,132,140.75,138.75,158.25,316.25,126.75,189,152.5,335.5,22.5,14.5,14.5,0,15.5,15.5,16,17,21,16,18,16.5,22.5,14.5,14.5,0,15.5,15.5,16,17,21,16,18,16.5,18.5,12,10,0,11,12.5,11.5,12,20,11,13.5,12,0.747564516534667,0.848702406353911,0.493876011353199,0,0.437230612154739,0.48721070301407,0.528370583962187,0.564322001578262,0.775650442448099,0.610192549195094,0.564119708042988,0.690113223729278,0.838892301231104,0.784300047738403,0.642793916766931,0,0.679243001894374,0.676072854024947,0.672491832927236,0.723585363312034,0.850221440785027,0.681804533311292,0.770036937182337,0.72839980278641,48628.0001587868,5794.00017106533,2632.9999859333,2611.99996471405,11839.9996930361,4366.99994885921,2657.99997532368,1714.00004732609,57634.0008896589,3003,25296.0006415844,18955.9997591972,19.6891349156667,169.253800121769,12.6599530950431,0,46.7065660287691,27.6813004260403,12.2289348068854,6.75993899197793,18.7981031966604,21.0044521702752,16.7131997743982,53.6976163953336,33.8792112040017,26.0500200008399,22.1742204063631,0,22.8755202262262,24.6014124551992,19.4327424346366,18.6754669014342,44.0624762246145,22.5623414874726,17.439023272078,22.2575196345875,0.471666666666667,0.782608695652174,0.173333333333333,0,0.718360071301248,0.459016393442623,0.285714285714286,0.3,0.406461307287754,0.257731958762887,0.83883751651255,0.761638733705773,760.796052631579,6.49122807017544,28.4429824561403,28.6907894736842,28.8486842105263,28.2127192982456,30.8508771929825,31.5986842105263,760.396929824561,31.375,30.8486842105263,30.2960526315789,-106089.302631575,15191.7719298244,4166.51754385973,2509.96052631584,101290.065789478,15099.530701754,9688.12280701723,10191.5657894733,-49085.6798245634,8107.75,444885.06578949,100263.697368425,271.203947368421,102.508771929825,20.5570175438597,15.3092105263158,686.151315789474,98.7872807017544,40.1491228070175,42.4013157894737,419.603070175439,41.625,1750.15131578947,578.703947368421,-81.8814372469607,27.2280379848703,8.17550095618198,0,171.107755183415,25.0483819450935,15.8031768610714,15.2306996757294,-39.0182736980807,14.9050788954635,560.184384572552,150.941652286456,6.20394736842104,25.5087719298246,8.55701754385965,0,165.151315789474,24.7872807017544,15.1491228070175,14.4013157894737,10.6030701754386,14.625,477.151315789474,135.703947368421,1032,109,49,44,715,127,71,74,1180,73,1781,609,199,-1,23,25,26,20,22,29,310,25,29,28,0,0,0,0,0,0,0,0,0,0,0,0,0,0,0,0,0,0,0,0,0,0,0,0,0
"525",3846,1922,132.75,48.25,0,0,80,53.5,40.75,0,135.75,0,82.75,107.75,142.25,12.5,8,0,0,10.5,9.5,7.5,0,13,0,10.5,12.5,12.5,8,0,0,10.5,9.5,7.5,0,13,0,10.5,12.5,12.5,7.5,0,0,9.5,7.5,7,0,12.5,0,9.5,11,0.817610111900363,0.851038251569488,0,0,0.791420379459796,0.771512557781797,0.772792455238595,0,0.812583976266658,0,0.790560163678225,0.684745046062549,0.965983648887164,0.930069901473955,0,0,0.883390963156217,0.794977324948092,0.905525871706022,0,0.947667822723833,0,0.850545440625693,0.824205275139805,30898.0002174377,1763.99999880791,1202.00000721216,1111,3334.99996829033,1851.00001657009,1450.00001811981,525.999999463558,32394.9999890327,927.999999761581,3911.99976730347,2338.9999294281,23.1163993707393,75.7291762610912,0,0,15.9639517072167,18.5345670322795,12.8513664739163,0,11.4746006691161,0,3.73431972747957,14.7741393263001,41.1844211859272,26.9682889592033,0,0,21.6622093988711,26.9669848666773,33.6859065145082,0,45.8922483818997,0,16.5381120381798,20.2363002128772,0.542372881355932,0.531914893617021,0,0,0.66996699669967,0.272727272727273,0.175,0,0.429899302865995,0,0.669753086419753,0.568181818181818,764.630813953488,5.91279069767442,28.0029069767442,28.7732558139535,29.2151162790698,28.2296511627907,32.1773255813954,31.4389534883721,768.05523255814,32.1279069767442,30.6511627906977,30.4447674418605,-33269.933139535,3500.62209302321,1260.34593023255,723.017441860468,25470.5988372095,3444.32848837213,1643.10174418606,1922.23546511626,-14369.4273255815,1473.22093023254,85211.4883720925,17429.9273255815,166.369186046512,36.0872093023256,12.9970930232558,7.22674418604651,275.78488372093,32.7703488372093,16.8226744186046,13.5610465116279,185.94476744186,11.8720930232558,581.348837209302,138.55523255814,-63.5234693207202,19.0820279551752,0,0,71.5317587209304,14.9572647250598,7.35028178056783,0,-26.9300023555615,0,227.067870441931,38.7385272217126,20.3691860465116,20.0872093023256,0,0,58.7848837209302,14.7703488372093,7.82267441860465,0,15.9447674418604,0,195.348837209302,28.5552325581395,931,42,41,36,305,61,49,45,954,44,612,169,208,-2,25,25,30,17,27,29,295,26,42,31,0,0,0,0,0,0,0,0,0,0,0,0,0,0,0,0,0,0,0,0,0,0,0,0,5
"399",11168,5583,135,78.5,54.75,50.25,99.5,82.25,69,73.75,130.25,69,110.25,103.5,142.5,14,10.5,9,9.5,12,11.5,10,10,13.5,11,12.5,13,14,10.5,9,9.5,12,11.5,10,10,13.5,11,12.5,13,13,9,7.5,6.5,10.5,9,9,9,12,8.5,11,10,0.808043821891226,0.749617190967292,0.652959634911098,0.54548427650803,0.630774589768162,0.59501739400518,0.673055117011653,0.621861316465782,0.82852268969206,0.608014441293173,0.659589046164191,0.648797459178782,0.940222003743747,0.826074226245444,0.738883051929815,0.674870225919225,0.814726615512561,0.790743788914967,0.794778624478954,0.795045024739693,0.836003383560682,0.739967809835146,0.832318981218299,0.805376041899392,16267.0000152588,1902.00003683567,1332.99998307228,1099,15167,2813.00011706352,1653.00010347366,1278.00011062622,26289.0000214577,1338.00003755093,32240.0006152391,6595.99991643429,16.1286720313008,60.1545830060059,18.2383413439794,10.2908385306328,24.8046506750946,14.9448561801507,18.098096613847,7.86395348837209,17.7932296059068,11.9868794651672,14.9534970044364,16.123251082397,36.2441272735298,20.8235638533456,23.6805644569677,23.1956656205598,22.2008980466468,23.3019603328821,24.7838528533092,22.3561266593944,58.3106557975911,24.1225440740772,21.1055233566827,21.2821416911923,0.3003300330033,0.62962962962963,0.225,0.150684931506849,0.867950481430536,0.602409638554217,0.356521739130435,0.373913043478261,0.301647655259823,0.333333333333333,0.930894308943089,0.796875,772.003048780488,6.08928571428571,27.6785714285714,28.6875,29.375,28.4464285714286,33.4434523809524,32.5982142857143,774.44578313253,32.3333333333333,30.9017857142857,30.7827380952381,-55004.7378048788,5957.10714285723,2808.21428571426,1838.125,85413.25,12876.5357142855,5837.23214285718,5975.01785714275,-18934.0963855424,4934.00000000005,264100.982142858,46356.8392857148,170.996951219512,40.9107142857143,22.3214285714286,15.3125,761.625,117.553571428571,50.5565476190476,49.4017857142857,337.55421686747,44.6666666666667,2143.09821428571,348.217261904762,-101.601196928637,17.3470200181985,10.9150358773647,7.79508706467662,211.790829145729,38.5110182370817,21.0384316770187,19.7950060532686,-35.1463589482696,17.5942028985508,594.485969387753,110.649629054521,-54.0030487804878,16.9107142857143,10.3214285714286,7.3125,140.125,31.5535714285714,19.5565476190476,17.4017857142857,-30.4457831325301,15.6666666666667,377.098214285714,76.2172619047619,943,47,50,44,791,146,84,82,1112,77,2174,379,335,3,22,25,27,24,28,28,502,28,31,30,0,0,0,0,0,0,0,0,0,0,0,0,0,0,0,0,0,0,0,0,0,0,0,0,5
"4460",12732,6365,439.5,251.5,0,0,320.25,238.75,163,203.75,423,102,344.75,287.5,449.5,26.5,22,0,0,23,23,19.5,21.5,26.5,19.5,23.5,22.5,26.5,22,0,0,23,23,35.5,37.5,26.5,26.5,23.5,22.5,24,20,0,0,21,20,14,18.5,23.5,18,21.5,20,0.859518818557306,0.880035760763181,0,0,0.730854259885962,0.901284048802384,0.702845116110176,0.682796162157174,0.90293226357338,0.846921238177443,0.77222075807234,0.821133627667626,0.88434993810155,0.929196840984241,0,0,0.915967953893362,0.874183801100013,0.790567118281533,0.817717622895388,0.900975584684008,0.753929008737904,0.897105273190969,0.925760392479536,171961.000278354,9821.00019448996,4812.99998146296,3779.99999964237,19979.9996559024,11235.9999132156,6196.9999833107,4360.99999713898,165295.998586178,7229.99996900558,38366.0002793074,30738.9988927841,75.1876261208645,204.651187883605,0,0,74.1925964710589,57.7194437199187,19.9100134178053,12.576541494661,57.4577835486815,34.1465077545932,27.619310188127,186.752179934639,51.4180125845739,31.6785786196328,0,0,31.6089838749383,42.993019961711,40.885082901432,34.9987622778519,59.1988267473806,43.0912917250421,21.2989227853816,34.5649726114912,0.460949464012251,0.6,0,0,0.606741573033708,0.432098765432099,0.2,0.15,0.397318278052223,0.195121951219512,0.733615221987315,0.70446735395189,769.54222972973,6.61486486486486,27.5810810810811,28.5912162162162,29.2077702702703,28.3141891891892,33.5591216216216,32.8057432432432,767.939189189189,31.4138513513514,30.5810810810811,30.8023648648649,-163968.929054058,15625.4729729728,3175.21621621611,1616.9932432432,52693.4290540527,10220.0878378376,4766.69932432425,5285.27364864853,-95858.6621621592,4524.89527027031,248442.216216206,91790.3479729713,642.45777027027,47.3851351351351,11.4189189189189,7.40878378378378,287.79222972973,45.6858108108108,19.4408783783784,18.1942567567568,701.060810810811,22.5861486486486,706.418918918919,633.197635135135,-93.4785209697773,15.6942802643597,0,0,39.7539783636089,11.0701040045279,5.1433323661084,5.53290706350515,-57.1708676761852,7.27242315845264,175.202820296724,75.6767655699168,-50.5422297297297,16.3851351351351,0,0,32.7922297297297,10.6858108108108,4.44087837837838,5.19425675675676,-26.9391891891892,6.58614864864865,182.418918918919,65.1976351351351,1412,54,39,36,317,74,53,51,1469,54,737,664,234,-7,19,24,26,13,21,29,336,20,30,30,0,0,0,0,0,0,0,0,0,0,0,0,0,0,0,0,0,0,0,0,0,0,0,0,0
"530",5641,2820,76,37,37.5,32.75,58.75,56.25,50,50.5,74.75,42.25,72.5,60.5,81.75,10.5,7,7,6.5,9,9,8.5,8,10,7.5,10,8.5,10.5,7,7,6.5,9,9,8.5,8,10,7.5,10,8.5,9,6.5,6.5,6,8,8,7.5,7.5,9.5,7,9,8.5,0.852012237230127,0.92620356367398,0.875347928846532,0.819625703440426,0.92780463280795,0.884786506991058,0.977092332613837,0.913056699481347,0.940202679145974,0.856792032815697,0.937557565669785,0.884587334089157,0.844429975343159,0.923819673737931,0.888166916334868,0.91043267248917,0.916056272371053,0.892564254664112,0.840974539917823,0.917334465257936,0.924754081720698,0.958797192010265,0.894700661383619,0.971761265701085,9031,1207,871.999997377396,752.999991953373,16792.9999675751,1643.99999880791,781.999987304211,799.000035047531,13329.9999970198,1150.00000047684,22913.0001239777,3119.99962162971,34.5025331073269,109.796010608246,28.503140561863,18.8231158330567,132.270345883478,37.3223541160601,16.8701665274447,12.4709767297869,22.6546888541285,43.0464551277332,53.5092783354791,36.0700689988489,40.542529321044,29.8027247239203,29.8248004115023,30.6249375519234,31.1540097927412,28.3373810851838,25.0832155358344,26.0563446455461,65.6236452077326,29.602465409236,26.6566815785663,25.6552536630089,0.375409836065574,0.559322033898305,0.261904761904762,0.205128205128205,0.893303064699205,0.635294117647059,0.315315315315315,0.362068965517241,0.222826086956522,0.383177570093458,0.921630094043887,0.768421052631579,773.5,7.75,27.4679487179487,28.3333333333333,28.9615384615385,28.6923076923077,34.3557692307692,33.8173076923077,775.503205128205,29.6891025641026,29.9647435897436,30.3333333333333,-27787.5,3446.75,2332.98076923077,1564.00000000001,73600.5769230774,10497.6153846153,4026.66346153849,4550.7403846154,-5048.54807692306,3726.66346153847,192588.528846153,30706.0000000002,112.5,42.25,29.5320512820513,19.6666666666667,921.038461538462,121.307692307692,43.6442307692308,47.1826923076923,256.496794871795,44.3108974358974,2039.03525641026,348.666666666667,-91.5032894736842,22.6081081081081,14.4320512820513,10.9643765903308,308.412929623569,46.4276923076921,18.9942307692308,21.4797220106626,-17.3092251950947,21.1984714003945,659.976635720598,124.282369146006,-25.5,25.25,15.5320512820513,11.6666666666667,182.038461538462,39.3076923076923,16.1442307692308,20.1826923076923,-5.50320512820508,23.3108974358974,333.035256410256,94.6666666666667,886,50,57,48,950,150,78,81,1032,74,2069,379,302,3,23,25,31,24,33,31,551,27,51,31,0,0,0,0,0,0,0,0,0,0,0,0,0,0,0,0,0,0,0,0,0,0,0,0,5
"463",19379,9689,91.5,50,49.5,44.75,68.75,66,63.75,67.5,83,61.25,92.25,69.25,101.25,12,9,8.5,8,10,9.5,9.5,10,10.5,9,11,10,12,9,8.5,8,10,9.5,9.5,10,10.5,9,11,10,9.5,7,7,7,8.5,8.5,8.5,8.5,10,8.5,10.5,8.5,0.787795422940599,0.773848959890292,0.768142966212719,0.738625519660304,0.7563024170272,0.759618212775203,0.831176187007569,0.79813877220055,0.848496055837754,0.772043320694737,0.817331883845637,0.816706444269522,0.799770588523593,0.796513962152971,0.798305210429295,0.834188879801153,0.828710992923943,0.857494383957941,0.923899950003976,0.829911180652116,0.910849243737261,0.890811023354323,0.926095970790234,0.852600912272957,10167.9998190403,1446.00007224083,1273.00000292063,936.000015318394,30027.0018138885,3975.99989080429,1586.99995100498,1326.99998641014,14719.9998235703,1407.99999642372,47852.000328064,8384.99994516373,31.3709692866403,72.863814021506,24.2254750464247,16.2203452650357,83.3806057997686,36.3010306773769,11.5225988809347,9.30969275495507,15.2207920527247,12.6485546363399,28.8993779289697,20.8957179440281,33.6697225614177,26.6128358016109,27.3423413054419,27.9788300886995,28.0429874666669,26.9464280021797,23.6705812836159,23.8305282715272,61.0096647793398,25.0160762537253,24.2233182557837,24.1648529700773,0.468667255075022,0.71830985915493,0.387755102040816,0.288888888888889,0.914835164835165,0.747126436781609,0.471428571428571,0.503448275862069,0.201129146083275,0.462686567164179,0.940115904700579,0.834355828220859,772.128491620112,5.91388888888889,27.6111111111111,28.8694444444444,29.5861111111111,28.2888888888889,32.8638888888889,32.1833333333333,774.527777777778,32.4361111111111,31.6555555555556,30.7277777777778,-45398.0391061451,5610.87499999997,3900.49999999996,2572.87499999998,128030.624999999,19024.0000000001,7393.12499999996,7998.74999999998,-8786.74999999994,6773.37499999999,339967.500000001,56731.2499999999,94.8715083798883,61.0861111111111,46.3888888888889,33.1305555555556,1595.41388888889,240.711111111111,77.1361111111111,83.8166666666667,111.472222222222,70.5638888888889,3547.34444444444,630.272222222222,-124.737781237598,27.4111111111111,18.6919191919191,13.5383767846058,456.322979797978,70.6164141414144,27.936111111111,28.6685185185185,-27.4283801874162,26.7679705215419,917.612737127374,199.409406337745,-25.1284916201117,28.5861111111111,19.3888888888889,13.1305555555556,313.413888888889,53.7111111111111,23.1361111111111,21.8166666666667,-2.02777777777783,22.5638888888889,416.344444444444,145.272222222222,867,67,74,62,1625,269,110,116,886,103,3579,661,220,1,25,26,37,24,30,31,512,29,50,34,0,0,0,0,0,0,0,0,0,0,0,0,0,0,0,0,0,0,0,0,0,0,0,0,5
"500",17296,8647,127,54,67,57.25,96,88.75,86,93.75,130.25,65.75,109.75,99,133,13,8.5,9.5,9,11.5,10.5,10,11,13,9,11.5,11,13,8.5,9.5,9,11.5,10.5,10,11,13,9,11.5,11,12.5,7.5,8.5,7.5,10.5,10,10,10.5,12.5,9,11.5,11,0.883480084289983,0.848293747505835,0.823220825931988,0.816454915823717,0.832024800969909,0.830948184112228,0.921862963848726,0.906279532612767,0.899689791633933,0.864925862049482,0.916275579101969,0.888620936082502,0.915663521065755,0.904839584286558,0.858680896765754,0.836525600108795,0.909132958797204,0.922275564254735,0.973696266796376,0.966861616828198,0.947402477860345,0.985114685040156,0.99234028490335,0.987552335325592,22851.9999861717,1469.99999535084,1173.00000548363,972.999945640564,21151.999797821,2971.99980473518,846.999975681305,814.999986767769,28233.9998800755,985.999995708466,27672.0003585815,5722.99969053268,39.6291592102269,50.6930120359394,13.1191227727256,10.8821597879349,31.5446820978972,16.6444896330481,6.6711968900902,3.82344934000032,18.0904786044008,7.75578440697066,10.5212919687779,10.3779237308161,37.3513690999007,24.4967441904132,22.0502731410853,22.7526777668584,22.4857853711711,22.2667198560587,18.9239616200217,18.4627790007329,48.1025716091026,20.6531986650955,19.2624268421403,19.7769084739238,0.581755593803787,0.696969696969697,0.303370786516854,0.219512195121951,0.856759176365264,0.663461538461538,0.361344537815126,0.409836065573771,0.368799424874191,0.344262295081967,0.881918819188192,0.778688524590164,772.525510204082,5.55867346938776,27.6147959183673,28.8724489795918,29.4413265306122,28.1607142857143,32.2525510204082,31.6198979591837,774.323979591837,33.0790816326531,31.3647959183673,30.8520408163265,-55826.5714285718,6584.78571428566,4487.92857142861,2857.85714285715,145771.214285714,20886.5000000001,7916.64285714297,8733.21428571422,-15408.3571428573,7356.92857142848,366586.928571432,61130.7142857148,193.474489795918,63.4413265306122,33.3852040816327,24.1275510204082,1087.55867346939,160.839285714286,50.7474489795918,57.3801020408163,259.676020408163,55.9209183673469,2361.63520408163,458.147959183673,-110.5530692592,30.2792894935751,15.463562290588,11.3065903217182,368.834715136054,56.5970321931592,21.4625652586618,22.1854353741497,-29.8306974421249,24.597724450997,818.587368090751,149.622706658422,14.4744897959183,31.4413265306122,14.8852040816327,11.1275510204082,242.558673469388,44.8392857142857,17.2474489795918,18.3801020408163,13.6760204081633,23.9209183673469,541.635204081633,111.147959183673,966,69,61,53,1117,189,83,89,1034,89,2393,489,196,0,25,24,34,26,31,31,392,31,46,33,0,0,0,0,0,0,0,0,0,0,0,0,0,0,0,0,0,0,0,0,0,0,0,0,5
"424",1045,522,110.5,60.75,52,48,77,67.5,53.5,61.25,98.25,54.5,85,79.5,111,13,9,8,8,10.5,9.5,8,9.5,11,8.5,10,10.5,13,9,8,8,10.5,9.5,8,9.5,11,8.5,10,10.5,11.5,9,8,7.5,9.5,9,8,8.5,10.5,8,10,9.5,0.974559782048088,0.867114930721886,0.827211008543116,0.787098056420337,0.880866644677251,0.868567426791545,0.884586998908155,0.803060010017631,0.900162271075408,0.774530106231118,0.891236337342926,0.896855105115713,0.771230682407983,0.960459780253417,0.904394578269029,0.914468783868533,0.919425383770656,0.92396080163993,0.938963108306493,0.901511135784033,0.875130703639394,0.925795032599493,0.938142603266456,0.885404176325893,11071.99924016,1217.00000238419,1322.00002527237,930.000001192093,25113.9997916222,4407.9995803833,1422.00000524521,1396.99999177456,17872.9998979568,1494.99998044968,37683.9964838028,5627.99986541271,24.3792832310866,61.3569801496909,29.1281832925279,19.9959164227864,97.970004624284,56.7959896439235,20.8822164684047,19.5108552342445,24.600017983533,25.0626163577285,44.2292889369974,25.79189117249,35.5403981869151,24.8174490597616,28.3450148778714,28.1722717780791,28.5138452328212,28.5340537135309,26.4495551396508,26.4632407807588,58.6616200823016,27.6252392157358,25.2744921597057,23.6526036768567,0.268057784911718,0.650793650793651,0.347368421052632,0.295454545454545,0.930769230769231,0.741176470588235,0.428571428571429,0.470588235294118,0.290012033694344,0.46875,0.956552207428171,0.851145038167939,777.268292682927,7.73780487804878,27.6859756097561,28.2439024390244,29.280487804878,28.6006097560976,34.515243902439,33.6890243902439,780.243902439024,29.6615853658537,30.0853658536585,30.4207317073171,-41820.1219512197,5630.4146341464,4130.42682926829,2863.7073170732,140754.463414634,20808.3292682929,7187.23170731714,7971.07317073179,-7351.29268292675,6840.2560975609,349330.097560973,57365.1951219515,76.7317073170732,50.2621951219512,43.3140243902439,31.7560975609756,1447.71951219512,228.399390243902,67.484756097561,82.3109756097561,462.756097560976,74.3384146341463,3029.91463414634,485.579268292683,-94.618971415959,22.6819482083711,19.2611397748593,14.0998475609757,453.781200506811,76.5586495031622,33.5641953498975,32.1150572424093,-18.53143424564,30.8430017901095,1021.90581061692,178.73021168891,-60.7682926829268,23.2621951219512,21.3140243902439,15.7560975609756,364.719512195122,81.3993902439024,37.484756097561,32.3109756097561,-17.2439024390244,32.3384146341463,650.414634146341,142.579268292683,854,58,71,60,1477,257,102,116,1243,104,3060,516,372,4,23,25,28,23,31,32,556,27,32,30,0,0,0,0,0,0,0,0,0,0,0,0,0,0,0,0,0,0,0,0,0,0,0,0,5
"4430",11737,5868,85,31.5,35.5,27.25,62,62.25,56,57,90.5,52.75,81.5,73.5,93.25,11.5,6.5,7,6,9,9.5,9,9,12,8,10.5,10,11.5,6.5,7,6,9,9.5,9,9,12,8,10.5,10,9.5,6,6.5,5.5,8.5,8.5,8,8,10,8,9.5,9,0.943730135095356,0.90099634302256,0.867508743862122,0.849539873335652,0.853909595108823,0.856303128879019,0.828944828313229,0.880799746272577,0.925735897271168,0.89471944882023,0.884171501874195,0.909595430816426,0.792505888367679,0.891757766393435,0.833575384650887,0.880238912426464,0.858198631243521,0.817550804990827,0.835605058083976,0.893161865118171,0.835123403368971,0.914903126107043,0.901087550437473,0.904727619820576,14711.9999665022,1025.99999713898,839.999999642372,672.999982357025,10163,1738.0000576973,655.999940872192,541.000001907349,18370.0000014305,775.000003278255,22470.0020751953,3601.99991607666,34.1952306444548,66.571317359307,12.9612932311457,9.76174166326078,17.8519614175534,12.8152135828022,8.4090825266645,4.16675949117319,16.8400060704614,8.46993870576333,9.21914430730922,8.04418134784467,45.955865395737,30.3921471959123,24.9816300843998,25.31186295398,24.6876487458189,24.9299706520928,21.8579418314699,21.5540892749472,57.9449481308463,23.233284141641,22.044898791089,22.3485909360009,0.517812758906379,0.725490196078431,0.27906976744186,0.2,0.849609375,0.65625,0.356521739130435,0.373913043478261,0.319027181688126,0.350877192982456,0.888329135180521,0.776805251641138,767.869186046512,5.31395348837209,27.781976744186,28.6133720930233,29,27.9389534883721,31.4825581395349,30.8197674418605,765.71511627907,32.3837209302326,31.203488372093,30.3720930232558,-21713.2063953488,2771.8953488372,2259.3226744186,1537.21220930234,78966,11140.7703488372,4618.00581395345,4974.226744186,-1669.73837209299,4262.87209302326,220813.09883721,36260.2093023252,182.130813953488,40.6860465116279,30.218023255814,19.3866279069767,944,137.061046511628,50.5174418604651,49.1802325581395,208.28488372093,48.6162790697674,2309.79651162791,394.627906976744,-64.4456566347468,21.9003322259136,13.4152063544055,11.0288297418392,305.608870967742,43.077110768656,18.8388704318937,20.0135658914728,-4.85047539509178,18.4124876005732,668.051112854902,119.957838949533,11.6308139534884,24.1860465116279,12.218023255814,10.3866279069767,188,25.0610465116279,15.5174418604651,15.1802325581395,13.2848837209302,14.6162790697674,401.796511627907,75.6279069767442,950,46,58,48,973,165,82,80,974,81,2341,425,260,0,24,26,31,26,30,30,373,30,39,31,0,0,0,0,0,0,0,0,0,0,0,0,0,0,0,0,0,0,0,0,0,0,0,0,0
"4439",6023,3011,242,82.75,0,0,210.25,91,0,0,260.75,0,167.5,185.75,266.5,18,10.5,0,0,17,13,0,0,18,0,15.5,17,18,10.5,0,0,17,13,0,0,18,0,15.5,17,17.5,9.5,0,0,15.5,9.5,0,0,17.5,0,13.5,14,0.932126487113172,0.875733516986655,0,0,0.641728215067406,0.761781488390003,0,0,0.941650575741438,0,0.661119796568317,0.747697353257283,0.970916356587339,0.885613559208248,0,0,0.82874751007896,0.734464168803484,0,0,0.977897235413589,0,0.768423945470228,0.818388306749708,38989.9998435974,2547.99999648333,2253.99996894598,2298.00000065565,2188.99998700619,2975.99992781878,2100.99999332428,1195.00000983477,46069.0006952286,1741.99999392033,2441.99998784065,3649.99980717897,7.12550586335928,58.3476272155517,0,0,9.02444327055949,12.1162286575458,0,0,4.3491447141628,0,1.42515051273797,17.3072491153228,30.9111134497509,21.8706065711217,0,0,13.8509071558819,26.698039145625,0,0,32.8655251760799,0,12.0720876430257,18.7267984771994,0.472843450479233,0.5,0,0,0.507042253521127,0.2,0,0,0.417818740399386,0,0.590361445783133,0.509933774834437,769.412946428571,5.88169642857143,27.5714285714286,28.6071428571429,29.0736607142857,28.2566964285714,33.1852678571429,32.3816964285714,768.462053571429,32.3571428571429,30.9776785714286,30.7678571428571,-60521.2008928564,5224.11160714279,1283.85714285712,773.785714285702,26280.4776785711,4142.3616071428,1308.5044642857,1467.11160714289,-36934.5491071423,1017.2857142857,82533.7946428556,23001.4642857138,193.587053571429,31.1183035714286,8.42857142857143,6.39285714285714,88.9263392857143,23.7433035714286,11.8147321428571,6.61830357142857,202.537946428571,8.64285714285715,246.022321428571,118.232142857143,-64.7073679161738,17.2965513055675,0,0,30.3567792381516,10.7433035714285,0,0,-35.7295511744962,0,111.235754264392,29.4542155354735,34.5870535714286,18.1183035714286,0,0,22.9263392857143,10.7433035714286,0,0,25.5379464285714,0,99.0223214285714,25.2321428571429,963,37,36,35,118,52,45,39,971,41,277,149,275,-1,23,24,26,15,25,30,335,25,34,31,0,0,0,0,0,0,0,0,0,0,0,0,0,0,0,0,0,0,0,0,0,0,0,0,0
"528",3158,1578,139.5,62.25,48,0,107.25,64.25,55,64.5,161,0,86,129.5,162.75,13.5,9,8.5,0,12,9.5,8.5,9.5,14.5,0,10.5,13,13.5,9,8.5,0,12,9.5,8.5,9.5,14.5,0,10.5,13,12.5,8.5,7.5,0,11,8.5,8,8.5,13,0,10,12.5,0.951740474255841,0.839887526010104,0.860103839287621,0,0.801817684334431,0.859561631136122,0.852485124604846,0.87525062770359,0.979271874583513,0,0.852130570072285,0.871866504545078,0.944808219858825,0.965415744094713,0.853673710123806,0,0.92100065241873,0.976326763012491,0.888743991671932,0.873964457151732,0.922245106806776,0,0.903729220375606,0.952328054263263,30465.9996623993,2013.99999141693,1220.00001907349,1241.99999368191,5333.99992752075,1860.0000064373,1265.9999871254,535.000002801418,35063.0008430481,1017.99999141693,8538.99999809265,2735.0000140667,32.5972104059443,110.137198980711,13.973594707342,0,13.894049282692,17.0803427294176,9.1272504101424,2.56002269545536,11.5577143345272,0,4.02795967697565,10.9134683906957,38.1233114478304,26.1534639720157,22.7345350717874,0,20.4724628266721,24.9866364135609,21.7311776618526,16.6916683765323,45.4008842422172,0,16.3607210915231,18.1214973876004,0.525480367585631,0.655172413793103,0.138888888888889,0,0.721518987341772,0.333333333333333,0.162790697674419,0.191011235955056,0.388182498130142,0,0.703422053231939,0.613861386138614,763.308510638298,5.91489361702128,28.0425531914894,29.0957446808511,29.2074468085106,28.2872340425532,32.3510638297872,31.718085106383,767.957446808511,33.0186170212766,30.8989361702128,30.7686170212766,-51886.8404255326,5608.40425531912,1778.29787234044,1060.67021276594,37043.9521276592,5278.01063829793,3101.45744680853,3647.52659574465,-19439.2978723407,3068.88031914897,153406.792553192,27917.630319149,213.691489361702,70.0851063829787,14.9574468085106,10.9042553191489,273.792553191489,37.7127659574468,19.6489361702128,23.281914893617,192.042553191489,16.9813829787234,927.101063829787,159.231382978723,-95.9536719286214,23.1614116038622,7.337655141844,0,82.1491965481321,19.3431161519994,11.1171179883946,11.4563334982682,-30.3161424606849,0,392.801645225137,52.6059003532409,21.6914893617021,24.0851063829787,6.95744680851064,0,62.7925531914894,19.7127659574468,10.6489361702128,11.281914893617,20.0425531914893,0,345.601063829787,38.2313829787234,977,76,43,40,303,66,52,55,960,50,958,190,239,1,23,25,31,16,28,30,333,28,48,32,0,0,0,0,0,0,0,0,0,0,0,0,0,0,0,0,0,0,0,0,0,0,0,0,5
"4435",12595,6297,150,67.5,70.25,62,96.25,102.25,90.75,97,184,105.25,143,86.75,184,14,10,9.5,9,11,12,12,11.5,16,11.5,13.5,11,14,10,9.5,9,11,12,12,11.5,16,11.5,13.5,11,12.5,8.5,9,8.5,10.5,11,9.5,10.5,14.5,11,13,9.5,0.967387250537324,0.914930482891275,0.864194572802994,0.850652998894905,0.820271977725353,0.861303390237919,0.800721496131867,0.846729550211875,0.90481336405357,0.866357970877862,0.861505885263278,0.853486436974602,0.895665845371574,0.861786929687171,0.937725167772608,0.898271540075487,0.944666064770621,0.908093971397283,0.759133075004874,0.893654127898756,0.896472407440449,0.913669125157585,0.932804500599232,0.874903464980134,31748.0002059937,1933.99999582767,1497.99999773502,1273.99999296665,16420.0003662109,2757.99984645844,1457.00000286102,877.999988853931,37453.0000457764,1154.99997460842,25623.0000839233,7373.00003623962,34.9772379426093,52.522108354883,11.2879641694493,9.91348603255473,12.2997009549545,12.7449678753474,9.74154188869341,2.74330784544959,14.1688673405188,5.89324092593253,4.72214945680707,11.2100110498417,37.8045569950017,22.5111078050093,20.8342678326661,21.4052241035464,19.6576484710129,20.7554502824439,18.2851658464877,17.1287302480332,47.0246653843794,18.807513563328,17.0884610958382,18.2901506645709,0.55794701986755,0.666666666666667,0.280898876404494,0.209876543209877,0.813544415127529,0.658536585365854,0.383333333333333,0.419354838709677,0.380747126436782,0.365853658536585,0.888932963109877,0.712439418416801,769.129901960784,4.70588235294118,27.5367647058824,28.9901960784314,29.171568627451,27.9044117647059,31.0759803921569,30.6372549019608,768.242647058824,35.0269607843137,32.2549019607843,30.9387254901961,-57946.6078431368,7228.47058823523,4144.94117647059,2594.21568627451,142460.725490197,20027.3529411763,9420.07843137253,9676.98039215672,-16540.5882352946,7976.15686274505,421230.392156863,75890.0980392159,221.870098039216,47.2941176470588,32.4632352941177,22.0098039215686,1104.82843137255,158.095588235294,55.9240196078431,62.3627450980392,258.757352941176,53.9730392156863,2631.74509803922,593.061274509804,-99.6815686274503,27.3089324618736,13.0682175005233,9.35657811511701,341.212846956964,46.0809183086435,22.6485375141794,22.5972811805134,-22.4736253196937,17.6808776954962,716.648944193063,191.971937334012,20.8700980392157,28.2941176470588,11.4632352941176,8.00980392156863,258.828431372549,35.0955882352941,20.9240196078431,19.3627450980392,15.7573529411765,13.9730392156863,484.245098039216,156.061274509804,991,52,60,51,1134,186,87,93,1027,89,2664,624,189,-2,24,25,35,25,30,29,315,32,64,34,0,0,0,0,0,0,0,0,0,0,0,0,0,0,0,0,0,0,0,0,0,0,0,0,0
"403",7744,3871,180.5,67.25,0,0,127,78,69.75,0,221.5,0,153.75,160.5,221.5,15.5,9,0,0,13.5,10.5,9.5,0,17,0,14,14.5,15.5,9,0,0,13.5,10.5,9.5,0,17,0,14,14.5,14.5,8.5,0,0,12,9,9.5,0,16,0,14,14.5,0.966988158922862,0.937632356747906,0,0,0.82337634516789,0.827249942290497,0.913568203484283,0,0.963900816790195,0,0.941337908349023,0.838132875268122,0.972410267487655,0.906946592388874,0,0,0.919791439434804,0.792502321999134,0.960629389242364,0,0.958621562198637,0,0.987019649405916,0.92495949324267,27051.9999036789,2101.99995934963,1917.00001275539,1639.99999660254,2698.9999011755,2162.0000321269,1367.99996507168,718.999977648258,32791.0007038116,1107.99995481968,3769.00044250488,3149.99989700317,9.1356002527639,58.9050585716691,0,0,5.79229147835277,12.0213655749244,5.44073036400069,0,4.00071264161549,0,1.11431954285882,12.5927987940924,31.0625185036379,22.1906402791898,0,0,14.6286113287721,21.7492936128171,21.9367115099076,0,34.4508388272123,0,12.8339320388042,18.2562633626814,0.526315789473684,0.6,0,0,0.598425196850394,0.272727272727273,0.125,0,0.398148148148148,0,0.703245749613601,0.56043956043956,762.196759259259,5.2662037037037,27.912037037037,28.8217592592593,29.087962962963,28.1041666666667,31.4791666666667,31.2013888888889,766.583333333333,33.8981481481481,31.3634259259259,30.8842592592593,-54846.3287037051,5911.14351851858,1777.93518518521,1177.92129629628,40743.0648148145,5729.70833333326,3033.45833333337,3406.56944444451,-22223.833333333,2723.24074074073,142467.004629629,25885.5462962964,163.803240740741,52.7337962962963,12.087962962963,8.17824074074074,189.912037037037,31.8958333333333,16.5208333333333,14.7986111111111,156.416666666667,11.1018518518519,540.636574074074,152.115740740741,-80.3491138298979,21.1761754784524,0,0,71.5340842811312,15.3862179487179,8.52441756272401,0,-25.0833333333329,0,213.986167570008,38.2138715818623,26.8032407407408,21.7337962962963,0,0,57.412037037037,15.3958333333333,8.52083333333333,0,24.4166666666666,0,169.636574074074,28.1157407407407,926,58,40,37,219,60,48,46,923,45,572,183,194,-2,24,25,30,18,24,29,299,31,46,32,0,0,0,0,0,0,0,0,0,0,0,0,0,0,0,0,0,0,0,0,0,0,0,0,5
"436",10920,5459,112,60.25,45.75,40.25,66.75,58,45.25,55.75,113,51.75,77.25,79.25,117.75,13.5,9.5,7.5,7,9,8,7.5,9,13.5,8,10,10,13.5,9.5,7.5,7,9,8,7.5,9,13.5,8,10,10,10.5,8.5,7,6.5,9,8,7,8,11,7.5,9,10,0.870771350157132,0.802847503415823,0.920075619927632,0.89373989953056,0.963911153107251,0.91056092478646,0.945494910117131,0.975778943660458,0.845848989453903,0.910028788192547,0.996532037287106,0.905696555150892,0.784711685983179,0.963980372263199,0.889906863015483,0.945166357051761,0.975228250953435,0.952933731330875,0.918427050374306,0.939459890338643,0.837345823149424,0.941485674430203,0.924398364576481,0.96228362207284,18286,2474,1590.99997246265,1194,26230.9999653101,4465.00001716614,1852,1189.99992513657,22396.9995574951,1895.999989748,47235.9999392033,7721.99985456467,39.7973779925828,128.706626173659,26.8023968583847,16.2547674181026,111.339432581625,44.6765046364693,24.2361009901839,14.1941853140445,19.4152155306217,21.2180626300774,47.8637844760059,38.075469186743,45.8012080637263,28.1984545355021,29.1984965387648,29.2993483199187,31.0688338783456,30.2461843566653,29.5875000235945,27.5500174358345,63.2219518295091,28.8347761165494,26.9627277749626,25.9939399939033,0.342592592592593,0.649122807017544,0.270588235294118,0.194805194805195,0.902762430939226,0.642458100558659,0.327433628318584,0.363636363636364,0.279799247176913,0.358490566037736,0.936810431293882,0.806282722513089,772,6.8125,27.6076388888889,28.46875,29.2534722222222,28.6944444444444,33.78125,33.0243055555556,773.924460431655,31.2013888888889,30.8680555555556,30.6597222222222,-36929,4964.3125,2554.80208333336,1723.21875,73708.614583334,11009.9166666666,4205.03125,4428.55208333331,-12953.4208633094,3906.14583333337,193535.145833332,34736.2708333335,234,48.1875,27.3923611111111,18.53125,889.746527777778,131.305555555556,48.21875,42.9756944444444,358.075539568345,44.7986111111111,2069.13194444444,367.340277777778,-82.3035714285714,19.6397821576763,12.6983720400729,9.49398291925466,272.289598938828,46.8184865900382,21.9148825966851,19.5093267314399,-28.5682657413894,18.7019927536233,618.93776968716,108.261413424466,-43.5,19.1875,11.3923611111111,8.53125,205.746527777778,39.3055555555556,21.21875,19.9756944444444,-28.4244604316547,17.7986111111111,440.131944444444,79.3402777777778,1006,55,55,47,919,160,82,76,1132,76,2100,398,294,3,25,25,27,20,28,30,512,27,33,30,0,0,0,0,0,0,0,0,0,0,0,0,0,0,0,0,0,0,0,0,0,0,0,0,5
"474",15806,7902,129.75,67.75,57.25,52.75,85,73.25,63.5,70,122.25,61.75,99,81,131,13,9.5,8.5,8,10.5,9.5,9,10,13.5,9,11.5,10,13,9.5,8.5,8,10.5,9.5,9,10,13.5,9,11.5,10,12.5,9,8.5,7.5,10,9.5,8,9,11.5,8.5,11,10,0.902595203037191,0.920912783438244,0.908271059785752,0.865013804086813,0.923448696757064,0.931060843849679,0.922466848296872,0.894631607929947,0.909779482605737,0.876456064214472,0.934527589036148,0.756765960229933,0.893003326041035,0.969786079651044,0.9816491150456,0.956249862118932,0.947571908254964,0.927038517201719,0.89805480623799,0.9096208376448,0.878774439686235,0.946132360559017,0.947211368131409,0.992832515362448,16112.9999380112,1889.00002646446,1463.00001764297,1194.00005555153,31722.9987393618,5416.00028932095,1466.9999614954,1333.00003862381,23310.9997363091,1595.99999988079,46532.9980678558,9886.9998537302,28.0757925277203,63.1116910465646,21.4291835510449,14.3777643556901,92.4751465351426,39.1806298460271,14.0437130259849,12.957038477053,20.2192352966495,19.7477842573541,34.943905418041,80.1462915856815,34.6452300876202,24.3087052185993,26.5242129749202,25.3638725138813,27.6713896171015,26.8527300137635,23.708236900994,24.0926586081626,63.4154942284654,24.1760041828068,23.3906017884589,26.8926221744208,0.369217830109336,0.65625,0.318681318681319,0.238095238095238,0.922297297297297,0.719298245614035,0.437037037037037,0.463768115942029,0.230258792302588,0.430894308943089,0.955409836065574,0.837088388214905,772.467261904762,7.19047619047619,27.5684523809524,28.3154761904762,29.2172619047619,28.7708333333333,34.2767857142857,33.5744047619048,774.529761904762,30.422619047619,30.8214285714286,30.7797619047619,-54811.8452380957,6687.19047619049,4241.13095238098,2957.69047619049,144711.154761904,21554.0833333335,8685.96428571427,9202.01190476197,-12501.5952380951,7701.54761904754,411368.571428574,70223.4047619043,189.532738095238,48.8095238095238,36.4315476190476,25.6845238095238,1277.78273809524,195.229166666667,69.7232142857143,73.4255952380952,410.470238095238,60.5773809523809,3163.17857142857,929.220238095238,-105.559747453896,24.0899666139519,17.9686655229778,13.1868934777703,421.300385154061,73.1779721274178,33.2507733408325,32.2363095238096,-25.0389643587494,30.9498505880083,1031.61796536797,213.241843033509,-23.4672619047619,24.8095238095238,18.4315476190476,13.6845238095238,395.782738095238,74.2291666666667,36.2232142857143,34.4255952380952,-8.52976190476193,31.577380952381,700.178571428571,201.720238095238,962,56,64,54,1307,224,104,107,1185,91,3194,960,297,3,23,25,27,19,32,31,556,27,37,30,0,0,0,0,0,0,0,0,0,0,0,0,0,0,0,0,0,0,0,0,0,0,0,0,5
"489",19775,9887,98.75,45.75,35,32,59,56.75,49.75,49.75,103.75,44.5,75.5,61,110.25,14,8.5,7.5,7,9.5,9.5,9.5,9,14,8.5,11,9.5,14,8.5,7.5,7,9.5,9.5,9.5,9,14,8.5,11,9.5,10,7,5.5,5.5,7.5,7.5,6.5,7,10,6.5,8.5,8,0.862989653030275,0.813004181525144,0.726849163583375,0.765195611634265,0.710514834893551,0.724528304088776,0.693633601121086,0.726896076386175,0.958677436009107,0.71298499571164,0.708951781752505,0.740405355383812,0.660730440855481,0.760955451325903,0.729692026350859,0.743648512894785,0.783659458149444,0.773340308395866,0.696211286730269,0.741911035544874,0.64884229606467,0.733132322812555,0.806172906170259,0.80794673942851,8903.00030994415,1313.00003570318,1370.00002729893,1141.99997758865,25505.9998478293,3232.99992007017,1197.00001621246,1045.99990701675,13547.9999895096,1206.00006181002,38118.0002955198,5597.99944806099,21.1202446249512,76.0433589348303,25.1007768699708,19.7632663253839,115.072991366426,33.6478047321942,16.0791810279631,11.9243274282034,11.4535643938084,18.9771896943702,43.4376082160313,25.3161439827983,33.4807106309873,26.5321479122952,30.4246941568228,29.3613367471702,31.5700919654596,28.8929943980377,25.8849616333731,26.5574034236785,63.8116978043348,27.9494665315476,27.0452960240013,25.7033456179805,0.346283783783784,0.655172413793103,0.311111111111111,0.219512195121951,0.914285714285714,0.690821256038647,0.356521739130435,0.419354838709677,0.144918032786885,0.385964912280702,0.940740740740741,0.804008908685969,772.764880952381,6.14285714285714,27.2767857142857,28.3720238095238,29.014880952381,28.2291666666667,33.3779761904762,32.5238095238095,774.630952380952,31.3660714285714,31.2202380952381,30.5029761904762,-33984.3125000002,3806.99999999995,2369.93749999998,1492.93749999999,77356.4374999998,11202.9375000001,4380.31250000002,4615.00000000005,-7119.24999999997,3836.56249999997,206946.875,33829.1875000002,108.235119047619,44.8571428571429,35.7232142857143,24.6279761904762,1126.98511904762,154.770833333333,52.6220238095238,56.4761904761905,171.369047619048,50.6339285714286,2495.77976190476,396.497023809524,-86.2028556359257,19.6330991412958,14.9660714285714,10.8545386904762,320.968169895076,48.7267804698973,21.1848378798756,22.4560899736779,-17.2261331038439,20.9878611556982,677.256583096816,135.001122170179,-28.764880952381,19.8571428571429,12.7232142857143,9.62797619047619,223.485119047619,38.7708333333333,19.6220238095238,20.4761904761905,-6.63095238095241,21.1339285714286,388.279761904762,107.997023809524,881,51,63,53,1156,183,86,89,946,82,2527,427,262,2,24,25,26,22,29,29,597,28,31,29,0,0,0,0,0,0,0,0,0,0,0,0,0,0,0,0,0,0,0,0,0,0,0,0,5
"493",8258,4128,186.75,78.5,54,0,103.25,80,72.75,86.25,173.25,63.75,109.25,79.75,187.5,16.5,10.5,8.5,0,12.5,11.5,10.5,11,15,11,12.5,10.5,16.5,10.5,8.5,0,12.5,11.5,10.5,11,15,11,12.5,10.5,14.5,9.5,7.5,0,10.5,9,9,10,14.5,8,10.5,10,0.751926979290176,0.888068731669367,0.748463115324439,0,0.747741265326755,0.826802102159568,0.738910669087361,0.858296082184144,0.755809240632832,0.810973223401929,0.815931718162455,0.724330951387429,0.852374613288372,0.847448579321797,0.802785606129189,0,0.784931937348887,0.763711731915325,0.794700098804725,0.884033402160243,0.935467324577909,0.759537502558448,0.831315280435591,0.900040461068516,33009.9996293783,2671.00015068054,1431.00002080202,1266.99997866154,6675.00052022934,2922.00013101101,1751,746.999999523163,40358.0000511408,1545.00005412102,13782.0002746582,9712.00006604195,31.9302938289049,212.439583253466,12.9326406244059,0,26.3484950273108,22.342848691022,10.2315861014357,3.67103181146277,19.0888442019236,8.94801413703317,10.5806545442779,75.3842960433381,38.0862299613818,29.5446868159213,22.4549021417255,0,22.1512512819202,25.6341082150789,22.2088207780614,18.3430953010316,49.3274553046201,23.511085516874,18.4131850975438,30.1297016379506,0.496575342465753,0.71830985915493,0.135135135135135,0,0.765586034912718,0.428571428571429,0.204301075268817,0.225806451612903,0.378200438917337,0.204301075268817,0.812341504649197,0.765384615384615,763.167613636364,6.28693181818182,28.4232954545455,29.1306818181818,29.4829545454545,28.4744318181818,32.65625,32.1193181818182,767.127840909091,32.9460227272727,31.2528409090909,30.7897727272727,-60031.7102272716,7328.80113636356,2002.52840909089,1177.98863636364,46320.7840909086,6914.17613636357,4009.8125,4528.51136363642,-22663.8806818184,3583.48295454552,187987.369318183,42069.6704545458,180.832386363636,107.713068181818,15.5767045454545,10.8693181818182,362.517045454545,58.5255681818182,26.34375,26.8806818181818,304.872159090909,27.0539772727273,1119.74715909091,645.210227272727,-80.4206256845549,23.6016032136652,8.06281565656563,0,106.296706471494,21.1411931818181,11.9691795532646,12.2169137022399,-33.4222132034635,12.4500557040999,403.696815841483,117.608346394985,14.8323863636364,22.7130681818182,7.57670454545455,0,86.5170454545455,18.5255681818182,11.34375,10.8806818181818,14.8721590909091,12.0539772727273,348.747159090909,89.2102272727273,944,114,44,40,392,87,59,59,1072,60,1151,676,225,-1,25,25,29,19,27,30,289,25,39,31,0,0,0,0,0,0,0,0,0,0,0,0,0,0,0,0,0,0,0,0,0,0,0,0,5
"518",852,425,209.25,92.25,83.5,68,122,102.5,90.25,96.5,201,85.25,146.25,123.25,217,23.5,20,20.5,19.5,22,21,20,20.5,23,19.5,22,21,23.5,20,20.5,19.5,22,21,20,20.5,23,19.5,22,21,12,9.5,9,8,10.5,10,9,9.5,12,9,11.5,11,0.294382230177143,0.280117247271849,0.262193306624712,0.286263887186656,0.259985198238533,0.2625993927411,0.241736878063656,0.258011601891229,0.300870294558258,0.269607587498883,0.244656425494996,0.248058454854243,0.448098316222755,0.324371922421096,0.310680843628786,0.277970726123522,0.344486338366436,0.32957086470593,0.310748827251102,0.319830388765453,0.443387741496925,0.300003478495198,0.37417076528641,0.36132066737066,30954.999535799,2876.00009489059,2383.00000351667,2085.99995017052,43772.9972530007,6292.99991881847,3163.99998950958,2631.9998497963,49959.9999866486,2811.99998569489,74205.0000040531,10135.9992150068,27.4959057666825,72.9109391749495,23.1103728743314,14.4568442899015,81.4563755448362,42.6165624222574,23.1848107861857,18.9581808600954,31.3392642633431,32.8741702130097,53.3790685722557,27.0407914299149,46.1913084629666,26.5311461265068,29.2845418558748,28.7001421534647,29.7489344857145,29.220251104186,28.8852048474021,28.2227985305962,67.2354123271714,29.9455979914554,27.5031209831447,25.6092814912688,0.34988363072149,0.607142857142857,0.318181818181818,0.219512195121951,0.915966386554622,0.685714285714286,0.377049180327869,0.430894308943089,0.275274056029233,0.391304347826087,0.949247311827957,0.800947867298578,776.485119047619,6.85119047619048,27.485119047619,28.2857142857143,28.9910714285714,28.4910714285714,33.7797619047619,32.6815476190476,779.125748502994,30.4672619047619,30.735119047619,30.4583333333333,-62779.0833333328,7400.16666666649,5263.91666666653,3394.00000000004,172666.750000002,24903.7499999996,9038.16666666694,9654.4166666666,-13175.149700599,8064.41666666693,431381.916666657,67076.1666666659,273.514880952381,44.1488095238095,37.5148809523809,23.7142857142857,1268.00892857143,172.508928571429,56.2202380952381,61.3184523809524,516.874251497006,55.5327380952381,2794.26488095238,404.541666666667,-74.9749637310115,18.265340689121,14.6765575990874,11.5819327731093,348.619584309134,59.674782229965,24.2950303390057,24.4428047125585,-16.1717684034918,23.2394829632735,729.699068986559,133.030510480053,-39.485119047619,17.1488095238095,14.514880952381,11.7142857142857,218.508928571429,48.0089285714286,24.2202380952381,23.3184523809524,-18.125748502994,22.5327380952381,382.264880952381,100.541666666667,1050,51,65,52,1297,201,90,94,1296,86,2825,435,340,3,23,24,26,22,30,29,537,26,34,30,0,0,0,0,0,0,0,0,0,0,0,0,0,0,0,0,0,0,0,0,0,0,0,0,5
"4458",16260,8129,228.25,81.5,81,83,121.25,112,111.5,140.25,241.75,115,195.5,106,242.25,18,10,10,11,12.5,12,12.5,13.5,18.5,13,16,11.5,18,10,10,11,12.5,12,12.5,13.5,18.5,13,16,11.5,16.5,10,9.5,9.5,12,11.5,11.5,13.5,16.5,11.5,15,11,0.916514200661335,0.912578115479005,0.860486884646131,0.850643656971657,0.843700577401859,0.847281913246356,0.885355635202037,0.876592772495055,0.860717486542765,0.880435290770853,0.864785011431942,0.865418183268113,0.917176604058213,0.919339779516135,0.960344168959661,0.810888974554332,0.945550354585411,0.904901087840287,0.854373395432631,0.972056872027001,0.906240835998285,0.888000133027855,0.930801577190967,0.929320006255902,29742.0002148151,2090.00005066395,1957,1860.99993944168,25000.9999928474,3847.00003242493,1795.00003123283,1077.99997878075,37119.9993793964,1583,28731.9999694824,4660.00031089783,11.7828636570447,28.2591637708777,11.8490487116613,9.94005994005994,15.5264256565481,8.85594464079645,6.09213951280444,3.29807758810237,7.53205251996168,8.23363847595116,6.15474664719382,6.15778771856099,30.2776505307053,20.1027481263563,19.6594312646968,19.6981836937559,19.0456939795624,18.550181773607,17.2874302577025,16.0264581819368,38.4379636330089,17.6817167585291,16.5488665923329,16.5838085870522,0.584438549955791,0.676470588235294,0.326315789473684,0.253012048192771,0.806213017751479,0.661290322580645,0.393939393939394,0.415384615384615,0.404383975812547,0.40495867768595,0.903711133400201,0.7152,771.1375,6.6,27.5,28.3416666666667,29.1541666666667,28.41875,33.6375,32.8625,769.70625,30.625,30.5583333333333,30.5854166666667,-73018.2374999986,9369.59999999984,6519.5,4357.92500000006,223743.612499998,33568.23125,13628.2624999998,14233.2375000003,-17315.3562499997,12053.375,632831.974999994,105465.731249999,161.8625,54.4,40.5,25.6583333333333,1338.84583333333,197.58125,65.3625,65.1375,188.29375,62.375,3199.44166666667,556.414583333333,-80.5964266155518,26.9337423312882,16.7530864197531,11.1282128514056,415.767482817869,66.5767857142853,26.046356502242,23.2765374331553,-17.9203141158218,23.5097826086957,790.327855924973,217.275432389936,21.8625,28.9,15.5,10.6583333333333,294.845833333333,56.58125,22.3625,16.1375,22.29375,19.375,410.441666666667,173.914583333333,933,61,68,54,1368,226,99,98,958,93,3230,587,207,2,24,25,32,28,32,31,339,28,64,32,0,0,0,0,0,0,0,0,0,0,0,0,0,0,0,0,0,0,0,0,0,0,0,0,0
"507",16112,8055,140.25,68.25,61.5,54.5,87.5,76.25,72.75,76,133.5,65.75,100.25,92,149.25,18.5,9,9,8.5,10.5,9.5,10,10,17,9,11.5,11,18.5,9,9,8.5,10.5,9.5,10,10,17,9,11.5,11,11.5,9,8.5,8,10.5,9.5,8.5,9,11.5,9,11,10.5,0.904097408866233,0.921932588950769,0.882063602085459,0.864643840336465,0.893755181067563,0.883420661363755,0.905628677667023,0.900051538637644,0.777023041389993,0.885676471481002,0.915599495109655,0.924332562264386,0.601113210665233,0.941955735225259,0.977946774773853,0.971857584793466,0.975849219626234,0.9873349954058,0.857253050888549,0.911654673593068,0.675590575313603,0.973196164090039,0.947710081707219,0.97767349344057,18462.9995026588,2560.00000441074,2403.00007367134,1688.99997663498,53411.9998247623,8027.00018233061,1788.99999570847,2670.99979186058,29498.9996592999,2976.99984538555,85640.0004601479,12204.0008420944,23.1190455774794,74.5483623483249,25.2509689143003,16.6923662590464,107.182382664539,50.4210804118063,16.4710064385633,17.3907468550939,21.1224155630216,24.5991797461199,52.315380859076,36.8789224308926,35.3238969363153,25.8529281485885,28.8532126793676,28.2094976955317,29.979461061118,29.4379596999848,24.6432777291224,25.8246688311209,63.9234955080278,29.0655979715787,26.0721761121934,24.9747515863079,0.362025316455696,0.655172413793103,0.295454545454545,0.204819277108434,0.914855072463768,0.685185185185185,0.401709401709402,0.421487603305785,0.276401564537158,0.388429752066116,0.944916970433374,0.829059829059829,772.822580645161,5.43910256410256,27.9711538461538,28.8974358974359,29.3076923076923,28.3205128205128,32.1858974358974,31.5865384615385,773.211538461538,33.1185897435897,31.5673076923077,30.7948717948718,-55805.0806451607,6637.85576923078,4073.22115384617,2776.23076923074,131706.307692309,19267.653846154,7464.01923076922,8189.83653846167,-13064.2884615386,6630.20192307688,337172.31730769,57865.4615384605,125.177419354839,44.5608974358974,33.0288461538462,23.1025641025641,1092.69230769231,166.679487179487,54.8141025641026,57.4134615384615,392.788461538462,55.8814102564103,2573.43269230769,424.205128205128,-99.4019032833064,23.2971611721612,15.7564884302689,11.675958597977,371.946593406596,62.3975199663723,24.783174729051,26.1338562753038,-24.4119129933738,25.3262771765623,834.038677345096,155.433389074692,-30.8225806451613,24.5608974358974,16.0288461538462,11.6025641025641,322.692307692308,60.6794871794872,25.8141025641026,27.4134615384615,-12.2115384615385,24.8814102564103,697.432692307692,146.205128205128,898,50,61,52,1122,195,87,89,1166,89,2605,455,251,1,24,26,25,22,29,29,451,28,29,29,0,0,0,0,0,0,0,0,0,0,0,0,0,0,0,0,0,0,0,0,0,0,0,0,5
"418",13269,6634,93.75,27.75,26.5,20,48,41,38.5,41.5,76,31,69.25,48,99.75,14,6,5.5,5,8,7.5,7.5,7,12,6.5,9.5,7.5,14,6,5.5,5,8,7.5,7.5,7,12,6.5,9.5,7.5,9.5,5.5,5.5,4.5,7.5,7,6.5,7,9.5,5.5,9,7.5,0.952184056306556,0.832248232139923,0.815683974237949,0.733862567954257,0.70666165113427,0.720866218505219,0.790175307217588,0.812055810226556,0.856651891500401,0.813104346347689,0.779801700163492,0.789353157368908,0.597749133422821,0.895364039386688,0.97854156968119,0.799315011078076,0.903382396753114,0.835324947098193,0.797307281357184,0.911332161371479,0.746516674195053,0.845018674155821,0.891263254119816,0.917140855188551,8807.99999761581,1151.99999696016,1008.99999642372,878.000000476837,23115.0008205175,2777,1034.00003528595,1112.00005722046,11116.000087738,1206.00000524521,33931.0002429485,5615.99995154142,21.2880569779361,58.3615102845872,15.9053705219417,15.4022546266015,81.7309842799408,25.9806058819101,11.2164909870539,9.54632764682902,17.3031918511708,22.4489507285075,29.7368762816303,20.4602577421018,41.3347421296523,30.7635507153777,29.3614695836654,29.329528630103,32.1746814329106,30.2032583846887,26.4884987792949,27.4006109968711,58.2624914662853,28.7981985367974,27.5212699534176,27.2514117010113,0.473404255319149,0.650793650793651,0.295454545454545,0.209876543209877,0.897044804575787,0.666666666666667,0.338983050847458,0.409836065573771,0.25,0.375,0.930232558139535,0.791111111111111,772.9,6.82692307692308,27.2660256410256,27.8525641025641,28.9519230769231,28.375,33.9102564102564,33.224358974359,775.814102564103,30.3141025641026,30.3782051282051,30.3557692307692,-22564.1000000003,2703.05769230773,1767.85576923077,1255.82692307691,55851.182692308,8303.375,3073.80769230771,3467.48076923079,-5077.82692307691,2871.67307692308,156243.096153844,25105.048076923,109.1,46.1730769230769,30.7339743589744,23.1474358974359,1035.04807692308,152.625,46.0897435897436,55.775641025641,172.185897435897,49.6858974358974,2359.62179487179,390.644230769231,-60.6333333333341,22.5244282744283,14.3754837929366,12.1349358974359,281.589743589744,48.4908536585366,18.1092241092242,19.2816651220266,-17.524628879892,21.4036393713813,556.520711839301,124.409855769231,1.10000000000002,21.1730769230769,13.2339743589744,12.1474358974359,124.548076923077,28.625,14.0897435897436,14.775641025641,5.18589743589746,17.6858974358974,229.621794871795,82.1442307692308,882,53,58,51,1064,181,80,89,948,80,2390,421,251,2,22,24,25,24,30,31,491,27,31,28,0,0,0,0,0,0,0,0,0,0,0,0,0,0,0,0,0,0,0,0,0,0,0,0,5
"517",7190,3594,125.75,61.25,34.75,0,73.75,63.25,67.75,63.5,117.5,54.75,96.25,86,131.25,13,9,7,0,10,9,10,9,12.5,9,11.5,10.5,13,9,7,0,10,9,10,9,12.5,9,11.5,10.5,12,8.5,6.5,0,9,8.5,8.5,9,12,8,10.5,10.5,0.849436972306092,0.921651112465728,0.869688565321568,0,0.797307014321626,0.896926188160681,0.922708555108406,0.993367934166198,0.88732770976639,0.945257547349494,0.995391141335501,0.862306534861306,0.967277614996475,0.938571367897884,0.933180621935534,0,0.896828738223758,0.913015013531296,0.830002374140194,0.948010666641064,0.891826884110308,0.946369785673555,0.916364254809867,0.936874876613405,23655.0000900626,2122.00000500679,1300.0000333786,986.999979734421,8545.00025445223,2299.00009894371,1281.00000107288,855.000016450882,23550.9999490976,1476.99998545647,26110.9971852303,3461.00000154972,46.9324350275707,101.83972806165,20.4420375996126,0,83.4824115006826,29.5865715725633,13.398287911997,7.82738549048986,26.4136111307876,21.7792884483245,16.8995644336593,25.6315894632741,40.2382657211821,27.9680029360408,28.0215536236668,0,28.8208705341328,30.5711526691606,23.1444157407191,22.4923892920409,56.0364423234822,26.1569446094886,21.8653861575288,22.0242536170332,0.493562231759657,0.620689655172414,0.166666666666667,0,0.794486215538847,0.412844036697248,0.274509803921569,0.288461538461538,0.320232896652111,0.284210526315789,0.900323624595469,0.69811320754717,763.258720930233,7.38081395348837,27.8197674418605,28.5668604651163,29.3546511627907,28.968023255814,33.4011627906977,32.8313953488372,768.084302325581,30.9331395348837,30.7093023255814,30.5959302325581,-47179.8284883715,4725.07267441856,1492.62209302326,1060.39825581396,34027.8081395348,4925.78779069768,3839.38953488375,4147.51744186046,-16790.2587209302,3354.10174418607,178367.616279068,27371.1366279072,255.741279069767,42.6191860465116,16.1802325581395,10.4331395348837,350.645348837209,57.031976744186,34.5988372093023,39.1686046511628,282.915697674419,32.0668604651163,1577.29069767442,232.404069767442,-94.0937109898735,19.6355125771238,8.19462104734818,0,111.052128498227,19.63671982719,13.185553076461,15.0741164621864,-36.5268555170706,14.4595545290432,454.433554817273,77.2412790697679,-1.25872093023258,19.6191860465116,8.18023255813954,0,86.6453488372093,16.031976744186,10.5988372093023,13.1686046511628,6.91569767441865,13.0668604651163,308.290697674419,64.9040697674419,1019,50,44,39,380,86,68,72,1051,63,1608,263,201,2,24,26,28,21,29,30,412,27,37,30,0,0,0,0,0,0,0,0,0,0,0,0,0,0,0,0,0,0,0,0,0,0,0,0,5
"414",8505,4252,80.75,30,36.5,26,56.75,55.25,54.75,48,81.75,42.25,85.5,71,89.5,10.5,6,7,6,8.5,9,8.5,8,11,7.5,11,10,10.5,6,7,6,8.5,9,8.5,8,11,7.5,11,10,9.5,6,6.5,5.5,8,7.5,8,7,9.5,6.5,10,9,0.90427243430673,0.946328760708737,0.96051387786909,0.955495954996687,0.931369529791286,0.913709154005875,0.925898966208843,0.964763698859854,0.772964630265751,0.915303205597442,0.92415612513556,0.882969304219143,0.91737776785873,0.986868752319536,0.966858541609255,0.877877513525347,0.92742174313278,0.835673271973435,0.949782485907506,0.877881731450949,0.872340765445134,0.864560160968045,0.89978309789591,0.911488926497439,12345.0000109673,941.999995470047,737.999981105328,677.999998867512,12264.0000963211,1645.00000286102,949.000007629395,509.999994874001,13189.9995932579,640.999987483025,20056,3211.99991941452,34.7958974481256,66.7272517928811,19.1687803969935,14.0167494441096,93.8574742072167,34.7207736797194,11.5979100343457,3.21143405009447,14.2399236161773,9.98903385445957,23.6469424802489,14.5111817360119,41.2378999196439,29.3599142059124,28.3418350767652,27.1978797333865,29.2920100494215,28.541482560816,24.4682004219668,21.9936824120423,49.9696630817909,25.2363305041106,23.595720919149,23.2049729172854,0.492036881810562,0.592592592592593,0.220779220779221,0.162162162162162,0.823933975240715,0.549668874172185,0.232323232323232,0.247524752475248,0.313953488372093,0.260869565217391,0.889041095890411,0.723472668810289,772.318452380952,7.02976190476191,27.6696428571429,28.4880952380952,29.2857142857143,28.8809523809524,34.3214285714286,33.6696428571429,774.372023809524,30.3571428571429,30.25,30.7321428571429,-28391.0059523812,2891.34523809523,1621.26785714285,1116.26190476191,54963.7142857138,7776.61904761907,2931.92857142858,3108.26785714288,-8604.18452380942,2827.14285714288,149809.5,24310.8928571431,165.681547619048,36.9702380952381,22.3303571428571,15.5119047619048,806.714285714286,106.119047619048,28.6785714285714,31.3303571428571,168.627976190476,29.6428571428571,1462.75,253.267857142857,-89.1079260651637,23.4369047619047,10.3372064579256,8.63690476190479,230.824417872875,33.8566041801337,12.2858773646445,14.6897321428572,-27.1365498034073,14.7789518174134,436.352339181287,83.5495472837027,12.6815476190476,26.4702380952381,9.33035714285714,8.51190476190476,161.714285714286,25.1190476190476,9.67857142857143,13.3303571428571,12.6279761904761,14.6428571428571,231.25,52.2678571428571,938,44,50,44,836,135,63,65,943,60,1493,284,269,3,23,25,34,26,32,32,388,28,48,34,0,0,0,0,0,0,0,0,0,0,0,0,0,0,0,0,0,0,0,0,0,0,0,0,5
"4450",6125,3062,130.25,63.25,66.25,62.5,90.75,86.5,90,89.5,126.75,77.75,102.5,89.5,141.75,13.5,9,9,9.5,11.5,10.5,10.5,10.5,14,10,11,11,13.5,9,9,9.5,11.5,10.5,10.5,10.5,14,10,11,11,12.5,8.5,9,8.5,10,10,10.5,10.5,12,9.5,11,10,0.89803327150857,0.841666223052577,0.843380935180246,0.796066820520183,0.834643031847438,0.836214292911911,0.889566262945617,0.844345529993609,0.909084966572059,0.815249654472926,0.8725906583159,0.855139571729718,0.886632818623469,0.896604518076541,0.831880441099411,0.841252070828996,0.887849326360436,0.884578855154415,0.921815633886076,0.904593946707025,0.889760073538201,0.915451705139987,0.934408871989403,0.904847018151059,21571.9997873306,2191,1798.99994516373,1527.99997425079,42378.0018949509,6652,1950,2050.00009858608,24243,2120.00019347668,77042.9961662292,10975.9999935627,33.0264089884337,70.9090510580938,20.4225868151358,17.6668333887967,72.2096188880671,42.9560248936223,10.8994782399214,10.7049335179755,21.3174471407534,22.7855625493026,30.4270015339914,21.7287635313899,35.1484265732192,26.6806703604034,25.8778525685601,25.9347985775583,26.7464055852816,26.4291698008611,21.2957303914091,22.18341384448,62.5896252962446,24.2437599782243,22.6714553816048,22.0927024454344,0.491555555555556,0.692307692307692,0.403846153846154,0.311827956989247,0.918597370068879,0.778523489932886,0.509677419354839,0.54601226993865,0.25,0.520547945205479,0.933484504913076,0.840425531914894,769.477272727273,7.34375,27.3579545454545,28.0454545454545,29.2727272727273,28.625,34.40625,33.5255681818182,768.9375,30.1988636363636,30.8863636363636,30.5255681818182,-61756.6136363634,8073.09375,5944.0397727272,4264.22727272724,199962.363636363,30551.625,12367.65625,13503.0028409092,-10038.5625,11570.2443181817,579615.431818186,96109.002840908,106.522727272727,63.65625,48.6420454545455,37.9545454545455,1668.72727272727,252.375,89.59375,99.4744318181818,395.0625,84.8011363636364,3944.11363636364,744.474431818182,-119.335238178328,31.8617835968379,21.3628001715265,15.9345454545455,541.903581267216,86.7622832369942,33.4965277777778,36.7090686896903,-20.6278353057199,35.7721974568838,1392.78680709535,261.697895505331,0.522727272727252,31.65625,19.6420454545455,14.9545454545455,500.727272727273,79.375,29.59375,32.9744318181818,10.0625,34.8011363636364,1149.11363636364,252.474431818182,876,71,76,66,1698,281,124,133,1164,115,3975,775,213,3,23,25,30,26,31,31,450,28,43,31,0,0,0,0,0,0,0,0,0,0,0,0,0,0,0,0,0,0,0,0,0,0,0,0,0
"392",14376,7187,111.5,44,0,0,61.5,43.5,37.5,50.5,110.5,26.25,81.75,79.5,117.5,12.5,8,0,0,9.5,8,7,8,12,6,10.5,10,12.5,8,0,0,9.5,8,7,8,12,6,10.5,10,11.5,7,0,0,8,7,6.5,7.5,11.5,5.5,10,10,0.791845272363925,0.826842331622652,0,0,0.751551262272385,0.734676618129859,0.954428089678029,0.903578643744249,0.816650056149591,0.900634726997018,0.920534301620382,0.828211454243633,0.898987105490615,0.879162809711173,0,0,0.883967676305887,0.788815797113756,0.953295495296874,0.918724102950634,0.958734894718167,0.951799670925999,0.984493694109938,0.987132998180807,19708.999984026,1659.99999189377,1015.99997615814,1012.99998617172,7416.9997549057,2189.9999974966,1016.00001859665,645.000001370907,25509.0006884933,1003.99999046326,12376.000038147,3069.00000143051,46.9928445932569,103.941803530212,0,0,64.8238197159323,25.7417813113204,14.3001328389735,5.74481934076469,24.7062556161314,12.8025423367316,17.0858507276259,24.6527328104335,40.6195923118139,27.6318516939707,0,0,28.6378540573374,28.9371368713198,23.5204641411078,21.4080178624115,55.4852522699998,21.1806654155565,22.0183964270672,23.8465314503025,0.497879558948261,0.615384615384615,0,0,0.761658031088083,0.394495412844037,0.186046511627907,0.195402298850575,0.334821428571429,0.161290322580645,0.835886214442013,0.658986175115207,762.275568181818,5.58522727272727,28.1079545454545,29.2386363636364,29.5170454545455,28.2386363636364,31.4517045454545,31.1818181818182,766.392045454545,34.0227272727273,31.5056818181818,30.6392045454545,-39287.5170454544,3767.94318181814,1283.26136363637,615.840909090907,27265.9886363638,3917.84090909089,2516.69886363638,2644.54545454548,-12592.2613636365,1978.31818181819,101321.329545455,18259.5738636363,152.724431818182,40.4147727272727,14.8920454545455,9.76136363636364,361.482954545455,55.7613636363636,22.5482954545455,21.8181818181818,183.607954545455,23.9772727272727,941.494318181818,155.360795454545,-88.5199628006519,22.2329545454545,0,0,104.714661862528,21.882053291536,12.1549621212121,11.1201620162016,-29.0029051830525,13.0820346320346,299.001963441759,55.587210548885,9.72443181818187,24.4147727272727,0,0,76.4829545454545,19.7613636363636,12.5482954545455,9.81818181818182,9.6079545454545,12.9772727272727,209.494318181818,42.3607954545455,915,46,43,39,391,84,54,53,950,58,973,186,210,1,24,25,29,19,29,29,393,27,40,31,0,0,0,0,0,0,0,0,0,0,0,0,0,0,0,0,0,0,0,0,0,0,0,0,5
"390",7762,3880,145.75,68.75,0,0,112.5,77,69,76.75,158.75,67,104,91.5,158.75,13.5,9.5,0,0,12,10.5,9,9.5,14,9.5,11.5,10.5,13.5,9.5,0,0,12,10.5,9,9.5,14,9.5,11.5,10.5,13,9,0,0,11.5,9.5,9,9.5,13.5,9,11,10.5,0.886037834918146,0.821281385446592,0,0,0.884887185511532,0.885423619155549,0.958435233293158,0.918920186593775,0.847260193325616,0.867329461151738,0.878513298294765,0.791036862344599,0.96229264694789,0.981507389358572,0,0,0.948119239742251,0.874198769522314,0.976639629931432,0.944880385089105,0.941105375658616,0.929334998650044,0.969249036009158,0.994995080158962,33835.0000597239,2162.00009727478,1211.99997651577,1234,3918.00014233589,2014.99994635582,1482.00009632111,543.999997138977,39922.9999861717,1081.00000864267,11935.9999313354,7223.00022125244,39.897856501858,83.7828287900259,0,0,12.1396405700245,19.8125543668591,8.79514339349415,2.72713621990213,15.2664302368975,6.75293159274649,5.8613180694934,36.853970803178,39.5631118585762,26.3199463387682,0,0,18.9208264798766,24.8608280897328,21.9985165658279,17.4987927045034,46.7602442172008,20.4542051107228,17.1449927537068,24.1683981392446,0.57344398340249,0.642857142857143,0,0,0.706293706293706,0.34020618556701,0.204301075268817,0.242105263157895,0.43452380952381,0.208333333333333,0.774294670846395,0.733990147783251,762.321808510638,6.42021276595745,28.2420212765957,29.0797872340426,29.593085106383,28.563829787234,32.8776595744681,32.1941489361702,766.287234042553,32.968085106383,31.3510638297872,31.0265957446809,-53641.3484042562,5976.16489361706,1655.31648936169,1164.335106383,39206.3909574471,5778.96808510643,4458.68617021274,5044.71542553199,-17540.3936170212,4128.26595744677,211500.074468085,40568.1117021275,227.678191489362,54.5797872340426,11.7579787234043,8.92021276595745,235.406914893617,40.436170212766,27.1223404255319,30.8058510638298,274.712765957447,26.031914893617,1214.64893617021,446.973404255319,-93.4350160578095,22.9288781431335,0,0,84.3246926713953,18.3322741088699,13.5897317298798,14.37914096611,-27.6226671134192,13.352810416005,476.004705400981,103.243896058598,13.6781914893617,23.5797872340426,0,0,59.406914893617,16.936170212766,14.1223404255319,13.8058510638298,15.7127659574468,13.031914893617,374.148936170213,81.9734042553192,990,61,40,38,265,69,60,63,1041,59,1246,478,185,0,24,26,30,16,27,30,301,29,52,33,0,0,0,0,0,0,0,0,0,0,0,0,0,0,0,0,0,0,0,0,0,0,0,0,5
"4436",1427,713,306.75,210.75,206,189.75,232.25,218.75,217.75,219.25,284,212.5,274.5,221.5,314.5,21,18,18.5,17.5,19,18.5,18.5,18.5,20.5,18,20.5,18.5,21,18,18.5,17.5,19,18.5,18.5,18.5,20.5,18,20.5,18.5,18,15.5,14.5,14.5,15.5,14.5,15,15,17.5,14.5,16,15.5,0.634727305250799,0.625615714044424,0.590445208221304,0.593644885222464,0.589843804942387,0.587351949876999,0.607215981042463,0.604060579806907,0.64979587114681,0.62816397447112,0.603031140499164,0.630891309227751,0.844670817527614,0.762315577721647,0.730304858157846,0.73104177726083,0.750416246008926,0.738107467995293,0.72410723629257,0.728457143812651,0.797730625248939,0.729729720122369,0.753788154097815,0.765256368923565,81777.0010538101,6008.00007402897,3369.99996465445,2608.99996757507,57096.0005748272,9102.99988222122,3329.99983805418,2697.99998402596,97990.999573946,3809.99995517731,77524.9997253418,21180.9999234676,47.7891311381674,78.341564977352,16.824835789537,12.4942799786102,47.8550138627795,23.7526784336823,11.3641009543182,7.89410941573498,38.0056683679056,16.5877259567632,16.3303509927674,24.7677884221359,38.0837037353345,22.1790956213712,22.1733367298174,21.9066099260277,21.4780037591065,21.1219447932233,19.0042915792037,18.3071350675359,53.245913921598,20.7910482137814,17.8265941950057,19.1267984378666,0.499168053244592,0.676470588235294,0.302325581395349,0.215189873417722,0.855153203342618,0.631067961165049,0.39344262295082,0.39344262295082,0.467816854678169,0.367521367521368,0.918559794256322,0.743494423791822,768.6025,6.015,27.6175,28.6725,29.6375,28.4575,33.31,32.0475,767.68,32.4775,31.78,30.965,-165864.945,22545.1300000004,11798.1849999998,7843.9950000002,384577.02499999,55624.4650000016,22831.0199999996,24235.2449999995,-58118.4400000003,20027.3049999993,1039965.75999997,194230.030000004,464.3975,61.985,33.3825,24.3275,1191.3625,160.5425,54.69,60.9525,795.32,54.5225,2655.22,592.035,-135.115132436838,26.1831020166077,13.90677184466,9.81761857707522,406.148291173297,62.3665000000011,25.4477497129734,26.6799800456097,-52.2064084507045,23.0672058823524,941.403970856081,212.291207674946,-93.6025,24.985,13.3825,9.3275,381.3625,57.5425,24.69,25.9525,-40.1799999999999,22.5225,915.22,204.035,1233,68,61,53,1221,189,88,93,1563,87,2687,623,223,2,24,25,30,24,31,30,298,28,44,32,0,0,0,0,0,0,0,0,0,0,0,0,0,0,0,0,0,0,0,0,0,0,0,0,0
"472",2636,1317,96.5,33,30,0,64.75,53,56.25,59.75,93.75,38.5,72.5,75.5,97.25,11,6.5,6,0,9.5,8,8.5,8.5,11,7,10,10.5,11,6.5,6,0,9.5,8,8.5,8.5,11,7,10,10.5,10.5,6,6,0,8.5,8,8,8.5,10.5,6.5,9,9,0.913919379715139,0.845913678553036,0.891089065408218,0,0.852754292680082,0.872422779775292,0.822467848117867,0.889350228390129,0.884445984271512,0.875887757374757,0.851218428630156,0.843412914814255,0.945313091582565,0.882972296661811,0.940165681495524,0,0.910362756162297,0.93856164692989,0.904293445451408,0.963428944496186,0.901879825147353,0.80936232546714,0.89101564397821,0.888937710467011,17446.9999830127,1075.99998927116,788.999973058701,774.000004053116,7847,1458.00001609325,1380.0000013113,625.999998807907,22161.9999997616,967.999994277954,15872.0017852783,2579.00000667572,33.9470264334211,71.0774129138447,15.8845980465815,0,31.4908191151774,18.0400296367995,23.122725362148,5.82382538717793,23.1533538560969,17.2330766489518,12.4824119666222,8.61841965930831,43.0475500662692,28.2496995941048,24.5868924486931,0,25.6239408591518,25.4836553885453,30.5966585751956,22.425922833689,54.6623696663062,25.9359595932094,21.7430656957516,21.9795949924222,0.488562091503268,0.518518518518518,0.179487179487179,0,0.819645732689211,0.521739130434783,0.3125,0.274509803921569,0.347857661583152,0.263157894736842,0.850287907869482,0.70957095709571,775.119318181818,7.89772727272727,27.8863636363636,28.6789772727273,29.46875,29.0965909090909,34.8323863636364,34.2443181818182,776.909090909091,30.7613636363636,30.6590909090909,31.0994318181818,-27315.4147727275,2573.78409090907,1347.20454545453,936.877840909095,45246.65625,6638.42613636362,2798.20170454544,3039.96022727275,-7809.63636363628,2580.82954545455,144381.613636364,23154.3210227275,194.880681818182,35.1022727272727,18.1136363636364,14.3210227272727,642.53125,85.9034090909091,29.1676136363636,33.7556818181818,206.090909090909,30.2386363636364,1589.34090909091,250.900568181818,-70.8291627414043,20.1098484848484,9.15530303030303,0,166.033180501931,28.903409090909,11.1187247474748,11.8142592240396,-21.098424242424,14.5308441558441,476.882288401256,74.1985814268518,12.8806818181819,21.1022727272727,8.11363636363636,0,115.53125,25.9034090909091,10.1676136363636,10.7556818181818,8.09090909090912,14.2386363636364,338.840909090909,48.9005681818182,970,43,46,43,672,115,64,68,983,61,1620,282,233,2,24,25,36,28,31,32,405,27,57,34,0,0,0,0,0,0,0,0,0,0,0,0,0,0,0,0,0,0,0,0,0,0,0,0,5
"421",19301,9650,123,46.25,49.25,46.75,99.25,98.5,82.25,84.75,127.25,75.25,105,109.75,129.25,13,7.5,7.5,7.5,11,11.5,10.5,10.5,13,10,11.5,12,13,7.5,7.5,7.5,11,11.5,10.5,10.5,13,10,11.5,12,11.5,7.5,7.5,7.5,11,11,9.5,10,12,9.5,11,12,0.866232399121406,0.895970613034329,0.910845452510505,0.877205958592213,0.924664542223629,0.906883012831077,0.889236367274433,0.992548544794523,0.867304673228114,0.963507837197989,0.985874207374854,0.966337605733943,0.879456970618905,0.94262707808082,0.961653363708446,0.910904156262446,0.956648020412808,0.950292415577404,0.910171697100596,0.968519360028212,0.919686684063035,0.956458468133689,0.966187731255168,0.979505009952605,25526,1602,899.999962925911,1022,9302,2046,1338.99999290705,494.999990224838,28399.9996293783,979,12979.9997406006,2701.0000667572,28.5516214329435,50.5098740879994,12.3082458810208,11.3801154239304,8.66071736919219,12.552428553333,10.7010597869649,2.33086413346652,11.9928774189801,8.43612054121345,4.02652187153072,4.43655144378366,42.1735082878226,26.4161124108176,21.4942408101294,23.0032689291388,19.618798001239,21.3849608629682,22.1970203726869,17.2506149295987,48.0056226601687,21.0046889537226,17.4334270527851,17.9531125840964,0.562814070351759,0.592592592592593,0.225,0.162162162162162,0.820078226857888,0.564102564102564,0.252525252525253,0.267326732673267,0.380673499267936,0.276595744680851,0.828087167070218,0.708860759493671,773.0859375,6.796875,27.6848958333333,28.359375,29.125,28.453125,33.5729166666667,32.9713541666667,774.916666666667,30.75,31.0989583333333,30.6432291666667,-35823.4296875,4116.015625,2599.90885416664,1814.203125,89969.375,12925.734375,4938.8020833333,5176.80989583329,-8270.91666666654,4604.25,234129.838541664,37497.4505208335,218.9140625,38.203125,23.3151041666667,17.640625,735.875,104.546875,33.4270833333333,33.0286458333333,204.083333333333,31.25,1566.90104166667,279.356770833333,-73.236344004065,21.7274493243243,11.1932767554992,8.15934157754011,219.351070528967,31.790529822335,13.3966881965552,14.0492948008849,-16.2840537000652,13.6619601328904,539.536755952377,83.541281083903,14.9140625,23.203125,10.3151041666667,8.640625,157.875,21.546875,11.4270833333333,12.0286458333333,13.0833333333334,12.25,395.901041666667,55.3567708333333,992,45,51,46,765,133,67,66,979,62,1598,310,187,3,25,24,36,28,31,31,378,30,69,36,0,0,0,0,0,0,0,0,0,0,0,0,0,0,0,0,0,0,0,0,0,0,0,0,5
"4425",18865,9432,86.5,54.25,43.75,40.5,65,61.25,52,56.75,90.25,49.25,80.5,70.25,92.25,11,8.5,7.5,7,9,9,8.5,8.5,11.5,8,10.5,9.5,11,8.5,7.5,7,9,9,8.5,8.5,11.5,8,10.5,9.5,10,8,7,6.5,9,8.5,7.5,8,10,7.5,9.5,9,0.858154538945071,0.850431623305003,0.841459682529922,0.831927259326833,0.811309144325539,0.801408931646745,0.781691742488192,0.824291961626183,0.947243675383275,0.830284417931046,0.807660134434071,0.769556587657777,0.906229833377274,0.879817666521886,0.893763075242302,0.871750337598245,0.910620081036655,0.88846899325182,0.865527296039808,0.935831472172945,0.882052730485751,0.892101653151278,0.911236505775622,0.908431707714568,5147.00016665459,931.000003933907,941,783,19075.0005054474,2435.00002336502,1255.99999630451,1425.00000023842,15252.00004673,1201.99999308586,41395.9989862442,8002.00063693523,14.0638924038589,35.9437757962843,19.99631179046,13.5238213959231,50.5186384931943,27.2948208513697,17.2002869861275,14.9514880944962,16.6677149523897,16.4954947407713,29.9707155485193,25.4905981932571,29.2907788916691,24.6351419828067,27.0049635955847,26.1148128039797,26.9450739433525,26.3180427018469,26.8270144968748,26.6130345732658,60.7086056606478,26.9860616796119,25.7326033117345,25.2623525780093,0.335622317596567,0.742857142857143,0.39047619047619,0.303370786516854,0.935368043087971,0.777027027027027,0.506666666666667,0.552631578947368,0.295556986477785,0.50354609929078,0.962921970116215,0.867298578199052,770.944444444444,6.23611111111111,27.84375,28.375,29.3784722222222,28.1458333333333,33.0277777777778,32.1006944444444,769.753521126761,31.1840277777778,31.1666666666667,30.3645833333333,-42518.5000000002,5733.87499999997,4159.65625,2834.625,146164.343750001,22091.1875000001,7698.75000000006,8024.84375000002,-9616.04929577462,6787.09375000005,345061.499999999,58313.4687499997,20.0555555555555,58.7638888888889,49.15625,30.625,1685.62152777778,245.854166666667,83.9722222222222,91.8993055555556,347.246478873239,79.8159722222222,3763.83333333333,596.635416666667,-122.929993577393,25.7592805939579,22.8476785714286,16.4027777777778,557.040758547011,89.05824829932,36.3135683760685,34.9257372736173,-26.6399477195583,33.9479519176538,1068.79296066252,205.767089264531,-75.4444444444445,21.7638888888889,22.15625,17.625,304.121527777778,60.8541666666667,33.4722222222222,26.8993055555556,-20.7535211267606,30.8159722222222,460.833333333333,125.635416666667,791,65,77,59,1715,274,117,124,1117,111,3795,627,331,4,25,26,31,25,30,29,514,29,39,30,0,0,0,0,0,0,0,0,0,0,0,0,0,0,0,0,0,0,0,0,0,0,0,0,0
"513",1256,627,127.75,53.75,51.75,52.25,75.25,102,93.5,84,130.75,84.75,117.25,112.25,135.75,13,8.5,8,8,9.5,11.5,11,10.5,13,10.5,12.5,12.5,13,8.5,8,8,9.5,11.5,11,10.5,13,10.5,12.5,12.5,12.5,7.5,7.5,8,9,11,10,10,12.5,10,11.5,11.5,0.954639123706466,0.959474235112594,0.937908927929164,0.950785509528186,0.881491125079747,0.883890746987165,0.859006693154325,0.882794633589405,0.865592440640428,0.875984995192856,0.863468361923732,0.865530575294107,0.917822669147423,0.855918534305463,0.940769658029853,0.96822964735895,0.945098661668659,0.916277511337608,0.897241941519881,0.887806059249874,0.920635361702421,0.929991461514897,0.904179889710487,0.914708167601585,23071.0000019073,1512.99998962879,918.000001370907,995.999981045723,13260.999994278,2343.99997520447,921.999944627285,666.000095844269,32026.0005073547,1064.00006020069,19461.0001831055,4044.99999189377,31.6660893557859,48.6818599428338,9.18778084053921,9.18572165662006,15.8819540989649,11.2004712857854,9.13317999867307,3.36200543996322,16.6279798626712,8.4543238820208,6.33913787015467,5.64828208274169,37.4956019347035,25.0648573453055,19.6783727622152,20.8867800423744,19.8335376859948,20.0006465378304,19.2441827217204,17.442704222389,46.5146442124094,20.1116289398705,17.8260219494113,18.1851083357653,0.59163179916318,0.740740740740741,0.25,0.179487179487179,0.754716981132076,0.615384615384615,0.314285714285714,0.321100917431193,0.396963123644252,0.307692307692308,0.86078431372549,0.755610972568579,777.385204081633,5.20408163265306,27.5765306122449,28.6122448979592,29.140306122449,28.1479591836735,32.2066326530612,31.3520408163265,779.959183673469,32.2755102040816,31.234693877551,30.3928571428571,-51277.1658163269,5656.18367346932,3998.94387755104,2663.55102040818,130733.813775509,18933.6581632654,6428.79846938776,6971.84183673463,-12132.8367346937,6019.39795918363,310024.561224488,50590.6785714289,217.614795918367,44.7959183673469,29.4234693877551,18.3877551020408,983.859693877551,132.852040816327,39.7933673469388,43.6479591836735,231.040816326531,41.7244897959184,2059.76530612245,337.607142857143,-101.113188426056,25.5214997626957,15.7906191462093,10.1724440972561,394.301554342665,44.7049819927972,15.9430999672596,18.892006802721,-23.6628165606584,16.1345192944434,648.138440450804,110.005806554248,18.6147959183673,29.7959183673469,16.4234693877551,10.3877551020408,343.859693877551,29.8520408163265,12.2933673469388,16.6479591836735,19.0408163265306,14.7244897959184,452.765306122449,76.6071428571429,995,50,57,47,1013,161,72,75,1011,74,2091,368,193,0,25,26,39,27,31,31,343,30,72,35,0,0,0,0,0,0,0,0,0,0,0,0,0,0,0,0,0,0,0,0,0,0,0,0,5
"4446",10671,5335,144.5,62.25,0,0,90.25,67.75,68,75.25,131,58.75,110.75,76,145,14,9,0,0,11,10,10,10.5,13.5,9,12.5,10.5,14,9,0,0,11,10,10,10.5,13.5,9,12.5,10.5,13,9,0,0,10,9,8.5,9,12,8.5,11,9.5,0.903079689581898,0.514304200184823,0,0,0.975348512507053,0.874745917382883,0.871755761211358,0.873847541590102,0.940853568810949,0.956399619854505,0.886529404615354,0.540765128403863,0.952702270578806,0.952489832145338,0,0,0.892573391077426,0.869925684622823,0.824191020909751,0.832826815580675,0.875319784666291,0.936961217095933,0.893157263223072,0.897055305081519,35381.000104785,3643.99998116493,1218.00001895428,1214.00001323223,6688.99942815304,2628.99999630451,1270.9999717474,838.999978542328,33360.0000200272,1679,22468.9977588654,13585.999904871,53.0752815409668,583.703885707326,0,0,58.9027837735531,35.0396475891985,16.9142443326752,7.17290760052665,36.5126666054273,15.5451887746766,19.3965102022423,211.407255184656,45.967197247266,42.5516422425373,0,0,24.850709860646,28.9607278241333,22.9182552042116,21.0470998629877,55.2827226060509,26.5196754058712,21.1655603816649,36.6213887246516,0.465994962216625,0.777777777777778,0,0,0.771276595744681,0.39047619047619,0.268817204301075,0.305263157894737,0.394716981132075,0.227722772277228,0.891525423728814,0.841614906832298,754.238636363636,5.23863636363636,28.3636363636364,28.9801136363636,29.2357954545455,28.2926136363636,29.9034090909091,30.3352272727273,752.377840909091,35.40625,32.3181818181818,31.0255681818182,-45031.4090909098,7818.590909091,1807.09090909094,1203.53409090908,42587.2386363641,6026.28409090901,4386.02272727276,4608.56818181819,-21760.1477272729,3418.375,195452.454545457,44853.1704545458,323.761363636364,213.761363636364,14.6363636363636,10.0198863636364,338.764204545455,47.7073863636364,31.0965909090909,33.6647727272727,394.622159090909,30.59375,1501.68181818182,1007.97443181818,-77.9237574709041,30.7814439576489,0,0,114.04675302191,22.094840238175,14.6627673796792,14.4388591060102,-42.3911996877171,13.6746010638298,432.997845269858,139.375747607656,11.7613636363636,28.7613636363636,0,0,98.7642045454545,21.7073863636364,13.5965909090909,13.6647727272727,7.12215909090912,13.59375,326.681818181818,110.974431818182,1078,219,43,39,368,76,61,64,1147,66,1534,1039,242,0,23,25,27,21,27,27,344,29,43,31,0,0,0,0,0,0,0,0,0,0,0,0,0,0,0,0,0,0,0,0,0,0,0,0,0
"447",8694,4346,161.75,58.75,0,0,117.25,59.75,0,67.25,175,0,121,111,175.75,14.5,8.5,0,0,13,9,0,9,15,0,12.5,13,14.5,8.5,0,0,13,9,0,9,15,0,12.5,13,13,8.5,0,0,11.5,8,0,9,13.5,0,12,11.5,0.893569380917145,0.864503292309166,0,0,0.774554533826464,0.835128170375835,0,0.964851945696603,0.901905682161315,0,0.931684064755082,0.964831396213162,0.90457817964301,0.947005362516909,0,0,0.882413696306281,0.925726827623163,0,0.960998163961772,0.924775821521742,0,0.964120488287836,0.936961292482423,27888.0000333786,1398.00000417233,1377.99998474121,1373.99999642372,2235.9998203516,1665.00000226498,1431.00004249811,557.999992191792,33213.0000183582,934.999991476536,3901.99999237061,3314.99999380112,9.08325625088497,48.7565458190571,0,0,6.34570501038044,11.9146643979554,0,2.67219656872792,4.21915777917385,0,1.96816969389193,23.336993512263,32.3637464036661,22.7977760789642,0,0,16.8862148993537,24.6872749468141,0,16.2081344707275,35.101981509666,0,14.5778801309151,20.8857066500432,0.554430379746835,0.590909090909091,0,0,0.6,0.264367816091954,0,0.125,0.446177847113885,0,0.700636942675159,0.57843137254902,763.745,5.4625,28.1825,29.13,29.1,28.2575,31.82,31.31,767.9325,33.9875,31.5025,30.97,-42298.7350000007,4165.86250000004,1180.70250000002,720.610000000003,25357.7000000004,3716.97749999995,2315.53999999998,2871.07000000003,-18201.5474999998,1987.78750000002,108277.742499999,23239.0899999997,182.255,34.5375,12.8175,6.87,148.9,27.7425,13.18,15.69,178.0675,12.0125,530.4975,151.03,-66.5765301391045,18.4651595744681,0,0,50.6441364605548,13.8722071129707,0,7.84613382899632,-26.0110714285711,0,206.096673553718,48.1426126126125,24.255,19.5375,0,0,36.9,13.7425,0,7.69,21.0675,0,160.4975,35.53,946,40,41,36,178,56,45,47,946,46,562,182,217,-1,24,25,29,20,25,30,303,30,45,33,0,0,0,0,0,0,0,0,0,0,0,0,0,0,0,0,0,0,0,0,0,0,0,0,5
"519",16169,8084,152.25,79.25,79.5,73.25,90.25,105.25,113.5,113.25,156.25,86.5,130,121.5,159.5,14,10,10,10,10.5,12,12,12,13.5,10.5,13,12.5,14,10,10,10,10.5,12,12,12,13.5,10.5,13,12.5,13.5,10,9.5,9.5,10,11.5,11.5,11.5,13.5,10.5,12,12,0.851675261197853,0.96026181009575,0.930652451431053,0.938930053839508,0.871898604768745,0.881261989502974,0.899425388959848,0.968078905533543,0.803822501044957,0.935405686864695,0.893576143309233,0.905329154196114,0.961705932668958,0.958605112783091,0.942805152412975,0.946378133858506,0.935585798419771,0.926767529905975,0.942365306455082,0.987648877517859,0.967525355251546,0.975203157338567,0.93848681530953,0.981431205005012,25753.9997062683,1534.00000154972,1198.00000059605,1046.99998688698,22473.9996795654,3309.00022983551,1261.00002026558,829.000039100647,33728.9983878136,1099.00000536442,33844.001953125,7267.00002288818,33.0747436708068,34.0535809815202,10.3993568722029,10.9183341328034,20.6609492728286,11.9173998047463,8.22400840684514,3.64895367750879,19.5424487122381,8.95241469409446,9.05174935039014,8.92431497914397,33.6498640752182,21.652479024979,19.9510745977788,20.8518867474204,20.6365517969342,20.2003909792351,18.8774938037779,17.5325497794132,46.7363520553457,19.0913936994379,18.0916256365335,18.3053452871405,0.549488054607508,0.681159420289855,0.311111111111111,0.234567901234568,0.788172992056487,0.663551401869159,0.35042735042735,0.388429752066116,0.330555555555556,0.369369369369369,0.883167459974037,0.764705882352941,773.494897959184,7.0765306122449,27.515306122449,28.515306122449,29.5102040816327,28.6862244897959,34.0459183673469,33.0637755102041,774.928205128205,30.6811224489796,30.8086734693878,30.5867346938776,-74437.74489796,8546.17346938779,5337.2346938775,3534.23469387751,168699.48979592,25410.18877551,8720.70408163278,9511.31122448989,-22834.1948717951,8119.4438775511,419613.066326526,70149.6632653069,182.505102040816,58.9234693877551,35.484693877551,26.484693877551,1154.48979591837,176.313775510204,52.9540816326531,54.9362244897959,253.071794871795,53.3188775510204,2471.19132653061,415.413265306122,-122.670595824538,27.1316712804996,15.6890963932742,11.0614856864247,436.919158799256,58.0548681467833,18.4386631304506,20.0730898319593,-36.7714051282055,21.5674324643153,791.050941915221,140.316557487194,10.5051020408164,28.9234693877551,15.484693877551,10.484693877551,394.489795918367,49.3137755102041,15.9540816326531,16.9362244897959,10.0717948717949,20.3188775510204,580.191326530612,107.413265306122,956,66,63,55,1184,205,87,88,1028,84,2502,446,225,1,24,25,36,26,32,32,381,29,62,34,0,0,0,0,0,0,0,0,0,0,0,0,0,0,0,0,0,0,0,0,0,0,0,0,5
"527",9918,4958,119.25,65,52,0,81.5,71.25,67.5,81,138.25,62.75,91.75,77,140.5,13,10,9.5,0,11,10.5,10,11,13.5,9.5,11.5,11,13,10,9.5,0,11,10.5,10,11,13.5,9.5,11.5,11,11.5,8,7.5,0,9,9,8.5,9.5,13,8.5,10,9,0.694513659136609,0.557906465933312,0.647762498429081,0,0.678351899374479,0.631352358935257,0.833654651455413,0.781373407384199,0.783198554701728,0.769294871708716,0.77804870166268,0.512285405492586,0.871711126007202,0.786452874852651,0.727737809269808,0,0.815147145339813,0.801685569838149,0.850511585924679,0.853333532990185,0.930040065296461,0.825638923502174,0.87315534762048,0.797367408311224,32012.0000355244,2752.00014686584,1193.0000038147,1023.99998915195,8397.9993789196,2591.99997580051,1261.99999397993,884.000006198883,38597.999997139,1584.99997282028,21860.0006217957,9545.00036263466,64.4855218444996,253.42774795348,13.9457009094638,0,54.0834253109883,30.388068066748,11.5591345687397,6.30563271287632,36.8072257269791,17.3075024491749,13.710383732495,104.904638104734,41.5257076018469,31.5544006286756,24.3297137101175,0,25.5234594146063,27.2977032903441,20.641151533532,20.1686272177746,61.0425886015157,24.3643497204842,20.4276712813088,29.2243393397401,0.549421193232413,0.705882352941177,0.157894736842105,0,0.809330628803245,0.46218487394958,0.294117647058824,0.333333333333333,0.354933726067747,0.264150943396226,0.862108262108262,0.798418972332016,762.904069767442,5.71511627906977,28.1598837209302,28.7238372093023,29.2674418604651,28.1773255813953,32.2470930232558,31.4418604651163,767.90350877193,33.2732558139535,31.5406976744186,30.7093023255814,-55646.0872093027,7010.10465116283,1967.14534883718,1298.20348837211,47389.6976744184,7002.34302325589,5059.13372093027,5915.67441860461,-18618.7719298248,4664.43023255814,234190.127906979,45956.3720930236,242.095930232558,127.28488372093,17.8401162790698,13.2761627906977,511.732558139535,66.8226744186046,34.7529069767442,42.5581395348837,356.09649122807,39.7267441860465,1698.45930232558,656.290697674419,-118.780380039979,26.5656529516995,8.57088550983895,0,139.46568697389,24.2647796817627,16.8010551248924,17.2278926213034,-33.8528758605379,17.3044334290743,613.532871807874,140.573165206887,-23.9040697674419,26.7848837209302,7.84011627906977,0,124.732558139535,22.8226744186047,15.2529069767442,15.5581395348837,5.09649122807014,16.7267441860465,528.459302325581,112.290697674419,1005,133,46,42,541,95,67,74,1124,73,1730,687,225,0,24,25,29,21,28,29,376,26,41,31,0,0,0,0,0,0,0,0,0,0,0,0,0,0,0,0,0,0,0,0,0,0,0,0,5
"498",882,440,172.25,90.25,60,0,114.25,89,80,87,199,80.5,118.25,131,203.5,15.5,11,9.5,0,12.5,12.5,11,11,16,10.5,12,13.5,15.5,11,9.5,0,12.5,12.5,11,11,16,10.5,12,13.5,13.5,10.5,8.5,0,11.5,9.5,9.5,10,15.5,9.5,12,13,0.890634178288252,0.889571546371061,0.904578468081037,0,0.866026542988968,0.815893067539875,0.898711022399588,0.911781784518222,0.827998915828945,0.838807096469465,0.900874037222355,0.850144304508443,0.856396044568032,0.804291918691711,0.906509335449334,0,0.893500809012899,0.755023281184689,0.883478520306915,0.880826538104365,0.926190128456471,0.83571182687942,0.965198685168692,0.918050009468421,30526.0000188351,2039.99997437,1620.99994754791,1550.99999582767,6275.99997234344,2067.00007021427,1730.99998807907,940.000008821487,32320.0001624823,1752.00002461672,13183.0001087189,3395.00000172853,20.3073656684965,58.2666130089858,15.1463343236358,0,18.0312348641057,16.2486336885294,13.1408570778293,4.4055881425858,9.83648201067212,15.0196634248249,5.8904241294736,15.3112792706662,31.6866166300902,20.9816881442423,22.9824472007598,0,19.2428007687476,22.247817099338,21.6194800900766,17.4387691146954,38.3785031936888,21.585391580771,16.3070581549343,17.9889525356653,0.558419243986254,0.666666666666667,0.135135135135135,0,0.757746478873239,0.378640776699029,0.257731958762887,0.254901960784314,0.399245283018868,0.239130434782609,0.806675938803894,0.697183098591549,774.735294117647,7.08088235294118,28.0955882352941,28.7426470588235,29.2794117647059,28.7426470588235,33.4779411764706,33.2328431372549,778.857142857143,30.7916666666667,30.4436274509804,30.4730392156863,-76545.5294117661,8050.1617647058,2190.19117647058,1352.48529411767,50877.5588235292,7756.4852941177,5593.95588235301,6288.46568627442,-33393.7142857146,4825.5833333333,270677.887254901,44870.9460784317,168.264705882353,51.9191176470588,15.9044117647059,10.2573529411765,301.720588235294,47.2573529411765,31.5220588235294,34.7671568627451,241.142857142857,31.2083333333333,1344.55637254902,275.526960784314,-113.153291214891,22.0908627994133,8.35441176470586,0,105.615555412537,21.0017349636485,15.2376838235294,15.7872718052738,-42.0795046661885,14.1555383022774,534.647281639924,81.7960447537798,-12.7352941176471,21.9191176470588,7.90441176470588,0,75.7205882352941,20.2573529411765,15.5220588235294,14.7671568627451,13.6428571428571,14.2083333333333,420.55637254902,57.5269607843137,943,59,44,39,331,76,65,68,1020,62,1375,306,199,1,23,25,27,20,29,31,308,27,40,31,0,0,0,0,0,0,0,0,0,0,0,0,0,0,0,0,0,0,0,0,0,0,0,0,5
"423",7199,3599,86.5,43.75,36.25,33.5,55.5,53.5,44,49,79.25,41,72,60.75,88,12,7.5,7,6.5,8.5,8,8,8,10,7,10,9,12,7.5,7,6.5,8.5,8,8,8,10,7,10,9,9.5,7,6,6,8,8,6.5,7.5,9.5,7,9,8.5,0.92256636147114,0.955106989920801,0.824769756416692,0.823726343753392,0.808391862321298,0.838833264998087,0.868903970483471,0.897747574307295,0.702030685345533,0.906831692987345,0.87651063367276,0.899459410554983,0.844490846685762,0.9686383670831,0.869590606837612,0.944520368221655,0.924845091493907,0.958184234173074,0.833778291887581,0.903325212027728,0.944503757435922,0.953651990959958,0.90291520265502,0.942564375876261,11046.0001882315,1718.99999547005,1244.9999423027,812.00000667572,19088.9998960495,2845.99995940924,1125,879.000001251698,17319.0000267029,1343,27209.9997940063,4170.999953866,39.4949926546919,111.394194439378,22.7923798742231,20.3379381316185,163.688358826305,63.0570732480863,20.8507832666275,19.3333881492888,28.257688259664,35.1968116641325,63.2023494036218,37.2147511451953,45.9718513376722,29.6265283678637,29.9200024987898,30.1740746812758,32.5898140699586,30.5320384975279,26.8272743717317,27.4757461749804,69.4745068305746,28.8176203728794,27.2771217381435,26.0559602169741,0.347789824854045,0.684210526315789,0.270588235294118,0.215189873417722,0.91008991008991,0.659574468085106,0.350877192982456,0.391304347826087,0.265255292652553,0.351851851851852,0.938745746232377,0.789203084832905,772.802083333333,6.23263888888889,27.8402777777778,28.6111111111111,29.4131944444444,28.5173611111111,33.28125,32.2361111111111,775.341549295775,31.71875,31.2951388888889,30.6597222222222,-28884.3333333332,3802.11111111114,2297.22222222221,1556.8888888889,81282.5555555561,11450.8888888888,4548,4871.88888888885,-5915.22535211269,4013,214626.111111113,33952.7777777779,132.197916666667,43.7673611111111,28.1597222222222,20.3888888888889,1182.58680555556,150.482638888889,45.71875,51.7638888888889,335.658450704225,45.28125,2350.70486111111,354.340277777778,-83.5795399807317,21.0359325396826,14.9804118773946,10.8291873963516,360.667886636638,52.7303024402906,24.9403409090909,24.0649092970521,-18.1648931443551,24.1532012195122,740.100694444449,137.422582304527,-24.8020833333334,21.7673611111111,15.1597222222222,11.3888888888889,348.086805555556,54.9826388888889,28.21875,25.7638888888889,-12.3415492957746,26.78125,402.704861111111,108.340277777778,905,50,56,49,1212,179,79,84,1111,77,2382,385,356,2,24,26,30,23,30,31,557,27,45,31,0,0,0,0,0,0,0,0,0,0,0,0,0,0,0,0,0,0,0,0,0,0,0,0,5
"430",12181,6090,103.75,37,0,0,83,45.5,0,46,108.25,36,100.25,90.5,112,12,7,0,0,10.5,8,0,8,11.5,7,11.5,11.5,12,7,0,0,10.5,8,0,8,11.5,7,11.5,11.5,11,6.5,0,0,9.5,7,0,7,11.5,6.5,11,10,0.863819100319166,0.869711024172148,0,0,0.745722809436186,0.783461376431616,0,0.842400418798872,0.802392639556231,0.798427757125559,0.802948394935436,0.716762270758832,0.952486785396351,0.919227178942061,0,0,0.893467676280792,0.799013084314565,0,0.816339363006467,0.943444040518738,0.833911494751406,0.890330864703435,0.848102364779151,18990.9997367859,1318.99998772144,1050.00000119209,774.000009298325,2916.00000190735,1756,1398.00002241135,611.000005424023,27068.0005366802,1395.99999463558,6535,1735.99999785423,35.5356162749657,78.4373190941531,0,0,13.8030879105841,26.5523032387561,0,7.03111483011259,25.444386580837,20.9713941458753,6.00545805077714,14.1342896654388,42.4272485659272,27.914051362992,0,0,21.7636447745718,29.318352399068,0,21.7899002277067,54.4628310403723,31.0068282181783,19.34259033683,21.5733289715996,0.50584307178631,0.551020408163265,0,0,0.686274509803922,0.333333333333333,0,0.152941176470588,0.404637247569185,0.166666666666667,0.824324324324324,0.595628415300546,763.973214285714,6.83630952380952,28.1011904761905,28.4970238095238,29.1130952380952,28.5,33.1190476190476,32.4255952380952,767.877976190476,31.1517857142857,30.4375,30.5386904761905,-30431,2824.33333333331,930.666666666665,701.333333333328,24222.3333333333,3490,1708.66666666665,1975.33333333335,-8811.33333333347,1610.99999999999,91552,15816.6666666666,180.026785714286,34.1636904761905,10.8988095238095,8.50297619047619,212.886904761905,35.5,16.8809523809524,19.5744047619048,219.122023809524,19.8482142857143,665.5625,135.46130952381,-74.2069492254733,20.035312097812,0,0,70.4049770510613,17.3351648351648,0,8.96027432712219,-20.7417175299684,9.57738095238095,225.365492518703,42.616005656406,16.0267857142857,22.1636904761905,0,0,47.3869047619048,18.5,0,8.57440476190476,14.1220238095239,8.84821428571428,145.5625,28.4613095238095,944,41,39,37,242,64,50,52,987,51,696,166,222,1,24,25,31,18,26,30,338,26,38,32,0,0,0,0,0,0,0,0,0,0,0,0,0,0,0,0,0,0,0,0,0,0,0,0,5
"496",12644,6321,124.75,55,45.5,0,74.75,61.75,59.5,66.75,126,51.5,76.25,78.25,131.5,13,9,8,0,11,10,9.5,10.5,13.5,9,10,10.5,13,9,8,0,11,10,9.5,10.5,13.5,9,10,10.5,12.5,7.5,7,0,8.5,8,7.5,8,12,7,8.5,9,0.821772647752701,0.837303525593783,0.744101973855347,0,0.701855373888959,0.779620754294047,0.767465937530784,0.786012880995427,0.789163129930069,0.820240028895487,0.781455737967375,0.932731555104435,0.97676410171087,0.799482570403914,0.83060952832212,0,0.801616111772437,0.717588826224963,0.806469530471097,0.766198426890834,0.885986499564764,0.773085872083817,0.836021621850341,0.87297677320507,20310.9996571541,1697.00000274181,995.999994277954,957.000006854534,7775.00078952312,1669.99993085861,1014.9999987483,797.000035643578,21970.999922514,1058.99998670816,20072.9996032715,3539.0001065731,37.9721364295152,109.847222070909,11.5092774637503,0,50.8994566633544,24.3281925567734,9.28789175871213,4.3632382838972,17.3072278039993,11.9520828750275,15.9774636913305,30.6057803096509,37.8099862892758,27.5407755117737,22.3638001738771,0,25.4129758443394,26.3492479371842,21.4583842489937,21.0425150943091,49.5004111729612,24.0278423007247,21.1922147154029,23.4511944745919,0.545936395759717,0.681159420289855,0.157894736842105,0,0.80241935483871,0.457627118644068,0.26,0.320388349514563,0.306784660766962,0.244897959183673,0.842668344870988,0.724770642201835,763.544444444444,5.87777777777778,27.9583333333333,28.8333333333333,29.0611111111111,28.4166666666667,32.6472222222222,32.1,767.647222222222,32.4416666666667,30.8777777777778,30.6833333333333,-52047.3777777775,6128.2888888889,2130.91666666667,1277.66666666668,47491.8555555551,6675.83333333327,4204.56111111112,4687.39999999997,-20098.4388888888,3660.68333333335,196919.288888887,33948.5666666664,165.455555555556,85.1222222222222,18.0416666666667,12.1666666666667,477.938888888889,64.5833333333333,33.3527777777778,37.9,152.352777777778,33.5583333333333,1572.12222222222,326.316666666667,-104.939234023602,27.1540404040404,9.72298534798537,0,151.266648086213,26.6319163292846,15.8485760971055,16.401872659176,-40.0638888888887,16.2961974110033,607.905828779597,103.294302449414,8.45555555555552,29.1222222222222,10.0416666666667,0,129.938888888889,27.5833333333333,15.3527777777778,14.9,9.35277777777776,16.5583333333333,530.122222222222,85.3166666666667,929,91,46,41,507,93,66,70,920,66,1603,357,211,3,24,25,28,20,30,31,424,28,45,32,0,0,0,0,0,0,0,0,0,0,0,0,0,0,0,0,0,0,0,0,0,0,0,0,5
"4431",10429,5214,194.25,75.75,0,0,106.5,71,0,0,201.25,0,109,104.5,208.75,16.5,9.5,0,0,13.5,10,0,0,16.5,0,13,12.5,16.5,9.5,0,0,13.5,10,0,0,16.5,0,13,12.5,15,9.5,0,0,10,9.5,0,0,16,0,10.5,11,0.876433976085674,0.792144582063652,0,0,0.586330387523832,0.710476598705326,0,0,0.870727165109481,0,0.691842515680092,0.787264306738998,0.903313787095455,0.97889877454384,0,0,0.708451095663934,0.87745111521392,0,0,0.97380976723501,0,0.805020652335357,0.865068528824882,38008.0004248619,2118.99997138977,1750.99997341633,1665,4771.00035846233,2445.99995052814,1643.99999058247,857,39445.9999725819,1623.99997377396,8453.00001335144,3973.00008440018,17.0697624456348,75.0465710016589,0,0,19.5012482729238,17.6148854484439,0,0,9.75374835647814,0,6.20231143077795,36.4672836544331,35.935872202878,22.8010360864863,0,0,22.7122691797586,28.8191724169376,0,0,38.2545418957346,0,17.2107904571254,21.2504328565555,0.46676970633694,0.592592592592593,0,0,0.602272727272727,0.25,0,0,0.394658753709199,0,0.674832962138085,0.6,767.741379310345,5.70098039215686,27.5833333333333,28.4387254901961,28.6960784313725,28.0808823529412,32.6936274509804,31.5,766.960784313726,31.8308823529412,30.343137254902,30.2205882352941,-54778.051724139,6080.68137254915,1192.91666666668,715.664215686292,18936.7745098036,3312.46323529418,810.821078431359,1419.5,-36082.2549019615,1229.2132352941,75611.4803921584,24208.8088235296,223.258620689655,42.2990196078431,10.4166666666667,6.56127450980392,133.303921568627,24.9191176470588,10.3063725490196,9.5,225.039215686274,9.16911764705882,374.656862745098,176.779411764706,-71.9846225535894,22.025092215104,0,0,41.3837337752001,12.3381317315659,0,0,-45.1409085373289,0,156.420624212988,52.5521390374335,27.2586206896551,23.2990196078431,0,0,30.3039215686275,12.4191176470588,0,0,18.0392156862745,0,132.656862745098,43.2794117647059,991,48,38,35,162,53,43,41,992,41,405,207,285,-2,22,24,26,14,24,29,355,24,31,29,0,0,0,0,0,0,0,0,0,0,0,0,0,0,0,0,0,0,0,0,0,0,0,0,0
"514",17174,8586,136.75,47.75,0,0,119.5,51,40.5,0,141.75,0,105,103.25,148.5,14,8,0,0,12.5,8.5,7.5,0,14,0,11.5,12,14,8,0,0,12.5,8.5,7.5,0,14,0,11.5,12,13,7.5,0,0,12,8,7,0,13,0,11.5,11,0.840131664613067,0.76519896197802,0,0,0.94865322587682,0.885261583744564,0.955805856753523,0,0.80692531789177,0,0.913891440119064,0.776383902711654,0.889884961941794,0.96336927020318,0,0,0.973043781295252,0.929891221745877,0.930627951982057,0,0.975084992012356,0,0.943654454972177,0.890491027828012,25406,1685,1266.99999076128,1092.99999517202,1522.99996101856,2102,1406.99998641014,698,31978.9996640682,1159.00000947714,2436.99995040894,3139.00011670589,22.1690864152011,96.3575179037972,0,0,8.68734676267795,20.1405886982698,15.4477025053365,0,11.5343753482181,0,2.64622440389933,18.08148671707,39.8902967756586,28.7295750549781,0,0,17.7282555580262,29.8008935564398,27.3519564037819,0,44.1696754252411,0,15.5424570691642,22.1037245855983,0.541666666666667,0.652173913043478,0,0,0.614973262032086,0.272727272727273,0.125,0,0.447267128560431,0,0.688969258589512,0.582887700534759,764.5625,4.9765625,27.8333333333333,28.6979166666667,29.2708333333333,27.96875,31.0494791666667,30.4609375,768.591623036649,33.9348958333333,31.2473958333333,30.7213541666667,-32737.125,3231.921875,981.999999999991,637.437500000004,21333.1250000001,2990.5625,1740.60937499999,2113.203125,-13245.4240837697,1586.67187500001,88299.0468750006,17412.515625,201.4375,44.0234375,10.1666666666667,7.30208333333333,131.729166666667,30.03125,14.9505208333333,13.5390625,199.408376963351,12.0651041666667,454.752604166667,140.278645833333,-60.7946755027422,18.4632280759162,0,0,43.4048988842401,14.0949754901961,8.07397762345679,0,-23.7697535481131,0,195.593080357144,40.0558855427767,21.4375,19.0234375,0,0,30.7291666666667,14.03125,7.95052083333333,0,17.4083769633507,0,156.252604166667,30.2786458333333,966,49,38,36,161,58,46,44,968,46,486,171,192,-2,23,24,28,17,22,28,272,27,32,31,0,0,0,0,0,0,0,0,0,0,0,0,0,0,0,0,0,0,0,0,0,0,0,0,5
"431",3595,1797,77,31.75,31.25,26.25,49.5,40.25,40,43.5,73.75,34,65,54.25,80,10.5,6.5,7,6.5,8.5,7.5,7,8,10,6.5,9.5,9,10.5,6.5,7,6.5,8.5,7.5,7,8,10,6.5,9.5,9,9.5,6,5.5,5,7,6.5,7,7,9,6.5,8.5,7.5,0.869471323422553,0.738258396073591,0.636552703041839,0.637110878868016,0.633827268873617,0.651123348957548,0.779744394210448,0.771501293170913,0.917064939304863,0.666719790172651,0.728911002062013,0.741004441198208,0.901224701542034,0.931570701679777,0.739591289714535,0.761451854312509,0.830160094728648,0.86520746692404,0.865350357285129,0.859775128518032,0.930147469309599,0.97020129803314,0.920456509413666,0.850225602500661,14071.9999952316,1463.9999987483,1017.99996209145,787,21313.0006561279,3136.99999666214,1079.00002270937,999.00003439188,14691.9999735355,1144.99998885393,40939.9970359802,5316.00001096725,41.1111149522019,93.4249227167682,16.8057003823427,12.7166106608684,90.1323359098569,37.8557549544275,12.3370884421485,8.19949960084024,22.2506024335708,20.8474989686313,41.0089430607699,21.8844151891718,46.0632612928186,31.8495778924505,30.4569879647778,31.5174621529468,32.9888914973016,31.8474370515994,28.196802245483,27.3901035091811,58.2130060375262,32.0730752174906,28.6860016383067,27.1998597667199,0.490262489415749,0.633333333333333,0.27710843373494,0.194805194805195,0.891637220259128,0.611764705882353,0.321428571428571,0.333333333333333,0.318385650224215,0.326732673267327,0.922480620155039,0.761363636363636,773.134615384615,7.07692307692308,27.4423076923077,28.375,29.0705128205128,28.4967948717949,33.9166666666667,33.474358974359,775.016025641026,30.1858974358974,30.1442307692308,30.3782051282051,-24867.0769230771,2994.38461538464,1729.46153846155,1068,50059.4358974355,7394.02564102563,2711.66666666668,2956.20512820514,-8796.12820512816,2597.51282051282,132803.846153846,21050.9743589741,174.865384615385,43.9230769230769,25.5576923076923,19.625,835.929487179487,112.503205128205,42.0833333333333,44.525641025641,133.983974358974,40.8141025641026,1942.85576923077,296.621794871795,-80.9950049950057,23.5215021199274,12.7176923076923,9.39642857142857,245.596153846153,44.3727703455964,15.1770833333334,15.9854111405836,-30.3855171664492,18.0420437405731,503.655769230767,94.0641911851584,11.3653846153846,24.9230769230769,12.5576923076923,9.625,116.429487179487,36.5032051282051,11.0833333333333,11.525641025641,7.98397435897436,16.3141025641026,226.355769230769,57.6217948717949,948,51,53,48,865,141,76,78,909,71,1973,327,241,2,23,24,29,25,32,32,370,26,41,32,0,0,0,0,0,0,0,0,0,0,0,0,0,0,0,0,0,0,0,0,0,0,0,0,5
"505",2599,1299,102.25,45,31.75,0,59.25,47.75,33.5,41.25,99.75,35.5,74.75,65.75,107.25,12,7.5,6.5,0,9,8,7,7,11.5,7,10,9,12,7.5,6.5,0,9,8,7,7,11.5,7,10,9,11.5,7.5,6,0,8,7.5,5.5,7,11,6,9,9,0.989802827192785,0.855937193218583,0.947768810852478,0,0.868154542107969,0.965794076338742,0.788456907849843,0.882045008716439,0.893014899664009,0.971338018074882,0.899392870806471,0.910093414236754,0.922159350701497,0.965457036818467,0.935492309220946,0,0.886532476775864,0.88256753897625,0.784318097166146,0.959925556723685,0.898922206479643,0.888246438905971,0.89953097406847,0.941167602879205,17793.0002402067,1447.99996614456,897.999985039234,870.99998742342,7802.00019192696,2025.99999523163,762.999998748302,654.999968528748,20952.9999969006,1072.00002479553,12416.9999513626,3911.99968528748,36.1772204819531,109.290274711137,20.8334414657566,0,81.4359464062159,33.3369909671076,10.4816823629968,5.35298729035882,21.9851251214758,14.5762174938978,23.6494135344152,39.2559673145779,40.1941536449377,28.6413311567692,27.3715735488849,0,31.4989671763388,32.5215635394373,24.5295579504649,23.4171765396849,54.3807454502999,28.9248406088832,24.0370737356437,26.4091545092559,0.465870307167235,0.661016949152542,0.154929577464789,0,0.786407766990291,0.407407407407407,0.177777777777778,0.225806451612903,0.303140978816654,0.209302325581395,0.854932301740812,0.712230215827338,764.664634146341,6.91158536585366,27.9329268292683,28.3414634146341,28.7926829268293,28.3871951219512,33.0762195121951,32.5243902439024,768.881097560976,30.4268292682927,30.2591463414634,30.4756097560976,-38287.1280487806,3834.92987804879,970.774390243911,675.51219512195,24092.9390243903,3568.89329268293,1880.30182926828,2216.03658536586,-15405.9908536585,1745.89024390243,92388.8262195128,19477.9634146343,129.335365853659,51.0884146341463,17.0670731707317,10.6585365853659,375.207317073171,51.6128048780488,22.9237804878049,28.4756097560976,164.118902439024,23.5731707317073,1036.74085365854,261.524390243902,-94.5815045619897,21.8717479674797,6.77573458805456,0,96.5237727693734,19.0892446686247,10.2596013833272,11.4513673318552,-39.2896188642336,10.9041566472003,298.603729912719,70.969257164055,11.3353658536586,22.0884146341463,6.06707317073171,0,69.2073170731707,17.6128048780488,9.92378048780488,10.4756097560976,10.1189024390244,9.57317073170732,222.740853658537,57.5243902439024,894,58,45,39,404,80,56,61,933,54,1067,292,212,1,23,24,27,20,30,30,403,26,36,30,0,0,0,0,0,0,0,0,0,0,0,0,0,0,0,0,0,0,0,0,0,0,0,0,5
"4449",19203,9601,387.25,262.75,226.25,207.5,261.5,250.75,259.75,259,383.5,238,326,280.75,398.75,24.5,22,20,19.5,19.5,20.5,21.5,20.5,25,19.5,22.5,21.5,24.5,22,20,20,19.5,20.5,28,20.5,25,19.5,22.5,21.5,20,18,16.5,15.5,18,17,18,17.5,20.5,17.5,19.5,18,0.777090662089056,0.800802483800253,0.754625762796613,0.749104950249552,0.718654894628646,0.749381262186072,0.802688396166555,0.791474292218973,0.810186639452089,0.82961233091612,0.787814208609944,0.954818438439811,0.788611478952132,0.748720116201346,0.836767285666491,0.783720720488504,0.808564817881884,0.805692849802216,0.819572285331957,0.829566639689967,0.819732530853142,0.813356424278042,0.841779975641259,0.800438243771018,94841.0000066757,9495.99960803986,4422.99988079071,3375.99989712238,55952.0038729906,9636.99962675571,4862.00020825863,3264.99997282028,112365.998741627,4442.00010967255,90483.9983787537,46421.9997736216,42.144754348591,146.053923772611,18.7043995269297,13.581087759338,48.6540769074847,29.1316919125219,14.6533109784798,6.72784960255821,27.3291332527553,12.6946216569581,18.725928540363,242.480928645759,33.2249646383625,25.0536775738487,24.2940494147402,24.441020287089,23.6532732850933,24.050799274487,20.8970293813159,19.221715711278,51.2417021914204,22.816876591255,19.0586419617113,34.7859075698557,0.462469733656174,0.794117647058823,0.272727272727273,0.194805194805195,0.828447339847991,0.590909090909091,0.363636363636364,0.385964912280702,0.370592149035263,0.315789473684211,0.905398457583548,0.812807881773399,833.319029850746,2.64365671641791,28.0317164179104,28.7033582089552,29.6791044776119,27.8115671641791,30.5839552238806,30.7444029850746,826.240671641791,34.3563432835821,32.6361940298507,30.7667910447761,-256114.852611933,33051.3675373143,11654.4123134328,7202.14365671638,313239.828358206,44887.5503731345,21839.5914179107,23499.6772388066,-126299.871268655,17903.6324626865,933275.270522417,210975.96828359,350.680970149254,123.356343283582,36.9682835820896,22.2966417910448,1148.32089552239,155.188432835821,58.4160447761194,59.2555970149254,538.759328358209,55.6436567164179,2547.36380597015,1932.23320895522,-165.411993052808,30.3829845775885,12.0920404881669,7.71350926092427,289.586669900973,43.287136724156,20.6422237944062,21.8588788682076,-82.5907368308385,18.3495390693592,710.123008424155,183.955381706787,-135.319029850746,30.3563432835821,10.9682835820896,7.29664179104478,243.320895522388,37.1884328358209,19.4160447761194,20.2555970149254,-62.2406716417911,16.6436567164179,635.863805970149,156.233208955224,1184,126,65,51,1178,183,89,90,1365,90,2580,1963,275,-2,24,24,28,20,25,27,409,27,32,30,0,0,0,0,0,0,0,0,0,0,0,0,0,0,0,0,0,0,0,0,0,0,0,0,0
"4448",13441,6720,124.25,43.75,39.75,0,91.25,61,48.5,55.25,124.5,0,88.75,108,128,13.5,8,8,0,10.5,10,8.5,8.5,13,0,11,12,13.5,8,8,0,10.5,10,8.5,8.5,13,0,11,12,11.5,7,6.5,0,10.5,7.5,7.5,8,11.5,0,9.5,11.5,0.833176240513432,0.872127770268331,0.809843467393165,0,0.902163534115052,0.83225194000246,0.773809938344063,0.840663775541716,0.838776452454294,0,0.828972124042515,0.842655967174081,0.850257694396766,0.845299201589679,0.791326223252846,0,0.963006610877481,0.789591066456495,0.863873097966028,0.895765839557976,0.87754501057208,0,0.862739558507532,0.903344486149244,27125.0005037785,1598.99992609024,921.000003099442,947.999991893768,3209.99999713898,1600.00000751019,1221.99999535084,532,28264.9996299744,827.000003576279,6218.99980163574,1719.00004208088,30.9321665649366,111.65604660467,13.1839443612416,0,6.90334820732775,16.6539470826166,11.4844378257632,2.96208689323376,14.5799777370165,0,3.21066203011634,5.36101736501163,45.3903510012965,29.3040794788419,22.6003239284069,0,18.8513524019716,23.8333509486351,26.723378604078,18.487040021231,50.3516323680565,0,16.8407940583725,17.667610305037,0.483820047355959,0.581395348837209,0.126760563380282,0,0.732323232323232,0.401869158878505,0.166666666666667,0.156626506024096,0.384846211552888,0,0.735391400220507,0.58974358974359,767.185628742515,5.37202380952381,27.4970238095238,28.1964285714286,28.4880952380952,27.8303571428571,32.3482142857143,31.5625,766.366071428571,32.1845238095238,30.5535714285714,30.2113095238095,-27867.0419161675,3024.5238095238,1547.5238095238,1181.42857142857,44783.0952380957,6362.85714285717,2319.7142857143,2546,-11958.4285714285,2282.5238095238,124272.571428573,21986.8095238096,226.814371257485,32.6279761904762,14.5029761904762,8.80357142857143,347.511904761905,51.1696428571429,17.6517857142857,17.4375,193.633928571429,16.8154761904762,808.446428571429,133.78869047619,-56.4934758250096,17.9708333333333,7.43379380053907,0,116.920123939988,23.3499707259953,9.08477540500738,9.40130090497738,-24.1311316695352,0,325.559104627769,49.6451719576722,17.814371257485,18.6279761904762,7.50297619047619,0,93.5119047619048,24.1696428571429,8.65178571428572,8.4375,13.6339285714286,0,270.446428571429,36.7886904761905,994,38,42,37,376,79,50,49,960,49,839,164,299,-1,24,25,30,24,27,30,328,27,49,32,0,0,0,0,0,0,0,0,0,0,0,0,0,0,0,0,0,0,0,0,0,0,0,0,0
"401",9459,4729,92.5,38,38.75,34.75,61,57,50,50.25,90,40.5,87,70.25,96.25,11.5,7,7,7,9,9,8,8.5,11,7,11,9.5,11.5,7,7,7,9,9,8,8.5,11,7,11,9.5,10,7,7,6.5,8.5,8.5,7.5,7.5,10,7,10,9,0.95934793787173,0.965479110348505,0.86842894856012,0.888552518131945,0.869919691866695,0.86294337877727,0.911247567216142,0.909412677352231,0.772878655130244,0.874271522117872,0.896922070398004,0.856833423359991,0.860623668518805,0.961559453710676,0.957179869637136,0.923514981481216,0.987607477622451,0.941188631405031,0.901815754079414,0.933446500498152,0.896355683375045,0.913966634323782,0.919140366237467,0.936511301579698,16396.0001075268,1054.00006580353,748.99999922514,723.000002384186,10615.99989748,1610.99984765053,822.999978840351,489.999991834164,18222.0004301071,820.999992012978,17358.9991931915,3009.00000238419,39.0302630340276,84.6148234607528,15.4583879081055,12.0940454001653,88.0219647787305,32.2068782664576,11.2435010564893,5.0028065373884,23.8629758662092,14.0357577231817,26.1508903594628,19.1812016352935,41.9932517526021,28.7312361358971,25.8721805247229,26.8268163204202,28.1700338540887,27.3698858321867,22.9055791906055,22.9016128735283,53.9018368550309,25.2424714139692,23.2742478002704,23.4209449544678,0.510305028854081,0.672727272727273,0.225,0.168831168831169,0.821621621621622,0.561643835616438,0.257731958762887,0.287128712871287,0.32484076433121,0.272727272727273,0.888583218707015,0.724137931034483,772.792682926829,5.46341463414634,27.6737804878049,28.6280487804878,28.8841463414634,27.9634146341463,32.4420731707317,31.7896341463415,774.730061349693,32.6646341463415,30.9207317073171,30.3414634146341,-32273.1829268294,3652.58536585365,2121.59451219513,1397.20121951218,60604.6036585363,8736.08536585367,3352.80182926827,3635.99085365852,-10180.073619632,3215.11585365852,158520.518292682,27463.5365853656,182.207317073171,41.5365853658537,25.3262195121951,17.3719512195122,864.115853658537,110.036585365854,32.5579268292683,38.2103658536585,197.269938650307,36.3353658536585,1635.07926829268,300.658536585366,-87.7683586025055,24.3260590500642,12.0552517702597,8.64533251447621,237.689624150339,36.602374839538,14.7179268292682,16.598425555151,-28.9800613496935,17.1007979524239,451.760302775438,94.7083586494222,18.2073170731708,28.0365853658537,12.3262195121951,8.37195121951219,164.615853658537,33.0365853658537,13.5579268292683,15.2103658536585,10.2699386503067,16.8353658536585,258.079268292683,67.6585365853659,955,47,53,46,893,138,65,70,972,69,1666,331,256,0,25,26,34,23,30,30,373,30,50,31,0,0,0,0,0,0,0,0,0,0,0,0,0,0,0,0,0,0,0,0,0,0,0,0,5
"394",19987,9993,119.25,44,37,33.75,62.25,58.25,51,60.25,99.75,45.75,83.25,70.75,125.25,17,7.5,7,7,9.5,9.5,8.5,9.5,17,8,11,10.5,17,7.5,7,7,9.5,9.5,8.5,9.5,17,8,11,10.5,11,7.5,7,6.5,8,8,8,8,9.5,7,9.5,8.5,0.8729730833599,0.756512286365181,0.678927776894111,0.684961662334739,0.698270069447221,0.703646260899737,0.703229100079884,0.688801857444371,0.872388247020957,0.702879075009541,0.703087133046458,0.71968585299123,0.56161244662601,0.816711924896229,0.753041058660134,0.683222542161382,0.819934041118267,0.824170831808962,0.759881017045247,0.826871127276249,0.556591281454793,0.789277881642467,0.84051352712447,0.824117964132588,14304.9999969006,1668.00007605553,1370.00002378225,1060.99997735023,21868.9999184608,2921.99999368191,1417.99997019768,1022.00004756451,14052.9999465942,1197.99990528822,38462.9998248219,5901.00008624792,26.3751430416636,87.5067526200166,23.6377494022698,15.3087548574601,111.40578820639,34.6799433974247,17.120843847019,8.06676962490832,13.1294234682005,18.1331724616268,34.380568175516,23.0583559116899,39.6565857776166,28.1697922194521,28.7679095943964,29.8653120598863,30.761820161819,28.0893083824111,25.0555787714622,25.3001465280368,62.3021683415398,26.8532788141135,25.8199160213043,25.4433475698531,0.452054794520548,0.639344262295082,0.318681318681319,0.24390243902439,0.919933277731443,0.699530516431925,0.392,0.435483870967742,0.20600272851296,0.401709401709402,0.93941660433807,0.824130879345603,772.40988372093,6.52906976744186,27.5145348837209,28.6773255813953,29.2674418604651,28.4825581395349,33.9098837209302,32.7790697674419,776.046511627907,31.7238372093023,30.7238372093023,30.7877906976744,-34539.3517441864,3881.93604651165,2497.21802325583,1480.65988372095,86188.0116279088,12445.2383720932,4958.14825581391,5159.68604651165,-7346.30232558124,4370.35755813949,242395.357558137,38041.3168604656,140.59011627907,48.4709302325581,34.4854651162791,25.3226744186047,1269.73255813953,168.517441860465,60.0901162790698,61.2209302325581,191.953488372093,58.2761627906977,2845.2761627907,467.212209302326,-72.5398627565703,21.9936575052855,15.7760056568196,10.8115633074936,338.87713645279,52.5217337059588,23.3107045143638,21.3039177844254,-18.896135688057,23.1668731732113,720.309195823726,131.586767606213,-11.4098837209302,21.9709302325581,14.4854651162791,10.3226744186047,180.732558139535,42.5174418604651,19.0901162790698,15.2209302325581,-6.04651162790697,22.2761627906977,335.276162790698,79.2122093023256,913,55,62,54,1299,197,94,94,968,90,2876,498,217,1,23,24,25,25,29,30,507,28,30,29,0,0,0,0,0,0,0,0,0,0,0,0,0,0,0,0,0,0,0,0,0,0,0,0,5
"4454",5076,2537,495,252.75,203.75,160.5,265.5,276.5,230.75,288,529.75,232.25,320.25,277.25,532.25,30.5,27,25.5,25,27.5,28.5,27.5,27.5,32.5,27,28,26.5,30.5,27,25.5,25,27.5,28.5,27.5,27.5,32.5,27,28,26.5,20.5,14,13.5,11,14.5,15,15,16,22,14,16,14.5,0.425037691967538,0.395665514277944,0.347500871541837,0.361468929498904,0.360465446221995,0.363715448313331,0.340666434375873,0.361087049184964,0.471948520977124,0.385180177253918,0.364125314374126,0.3480810600383,0.631994132668274,0.434167815514858,0.380273823479473,0.34595052359211,0.442136135356006,0.433691507288976,0.383573050347993,0.440132761222569,0.615217416881867,0.404948897920183,0.479727171497858,0.444854769228082,83841.9993243217,7833,4598,4286,28195,7480,3632,2564,111367.998285294,4706,37750,27158,17.0569119687475,164.965745748245,14.2174482286794,12.7086669266448,56.1791893248774,23.1487059629469,7.46354297933741,4.90075541334109,17.8279140593747,14.8040693540337,17.5809975140918,136.574596725877,30.802353303331,27.6812119717592,22.8010482511824,24.6242089744356,22.2924072399244,23.6693987753927,17.4481591709596,17.298516906887,40.0258783137471,22.7805466479007,17.2873853323402,30.4649375244183,0.490196078431373,0.666666666666667,0.189873417721519,0.138888888888889,0.758064516129032,0.507246376811594,0.262135922330097,0.314285714285714,0.398349587396849,0.3,0.818074424099232,0.739130434782609,760.810924369748,7.01953125,28.431640625,29.0078125,29.251953125,28.84375,31.8125,32.32421875,759.838114754098,31.4453125,30.642578125,30.455078125,-190138.457983204,27015.41796875,8339.037109375,4952.3671875,226138.591796875,32802.65625,17076.1875,18123.73828125,-97679.3463114714,14132.9296875,775228.951171875,158611.138671875,204.189075630252,198.98046875,24.568359375,16.9921875,678.748046875,108.15625,40.1875,47.67578125,420.161885245902,45.5546875,1753.357421875,1301.544921875,-97.290217299046,26.6154835867953,8.94504649156442,6.14016257788162,192.786653278013,28.1417834538879,16.2189192849404,14.5403645833333,-46.1250425502267,14.0046336786868,568.170068245023,130.625174354711,16.1890756302521,26.98046875,7.568359375,5.9921875,163.748046875,25.15625,13.1875,11.67578125,17.1618852459017,11.5546875,431.357421875,107.544921875,965,206,53,46,708,137,72,80,1180,77,1784,1332,216,1,24,24,27,22,26,29,298,25,36,30,0,0,0,0,0,0,0,0,0,0,0,0,0,0,0,0,0,0,0,0,0,0,0,0,0
"4455",957,478,90.5,52.5,49,43.75,71.25,64.5,58.75,60,94.5,54.75,87,77.25,99.25,11.5,8.5,9,8,9.5,9.5,9,9,11.5,8.5,11,10,11.5,8.5,9,8,9.5,9.5,9,9,11.5,8.5,11,10,10,8,7,7,9,8.5,7.5,8,10,7.5,10,9.5,0.806130839143659,0.873948629744329,0.836571235475432,0.824357578243033,0.790678819791669,0.808082124097452,0.814848567047155,0.862541848133622,0.923439071656032,0.861443911096364,0.824612162496501,0.839289082033916,0.862950358077992,0.889813933603422,0.834841220136557,0.823606400450918,0.88068253684087,0.872411635956047,0.769041616588273,0.874055422850175,0.878389667481968,0.834863281484258,0.868349885501795,0.916690633037128,11156.000010252,1617.00000393391,1397.9999460578,1117.00000035763,30563.9979596138,5355.00037765503,2016.99999940395,1606.99993646145,20459.0001220703,1588.99999690056,45710.000421524,7428.00007534027,37.4407120806243,89.703870294676,30.6445258047644,21.8873804789142,115.652554570442,55.5107378019494,27.630815805337,19.1954276060085,29.6153353386834,32.6518477225745,50.64488554481,30.1750536504986,36.6653378699227,27.6273193840001,29.2740459982455,28.2672384889991,29.5834473298407,28.4623809361379,26.714178644329,26.4608428353616,70.2557942075279,27.1053814978108,25.804114566634,24.5861960866385,0.373913043478261,0.661538461538462,0.375,0.255813953488372,0.928675400291121,0.737451737451737,0.45985401459854,0.478260869565217,0.221794871794872,0.46875,0.953638119768191,0.848101265822785,768.658536585366,7.39024390243902,27.4420731707317,28.2225609756098,29.4329268292683,28.7439024390244,34.609756097561,33.7225609756098,768.832317073171,30.719512195122,31.0640243902439,30.9908536585366,-39970.4390243904,5009.07317073173,3778.49695121949,2739.64329268294,129969.128048781,19113.6707317072,7113.92682926824,7589.14329268295,-8458.42987804885,6558.35365853663,334887.582317073,54671.6310975612,100.341463414634,51.609756097561,43.5579268292683,27.7774390243902,1414.56707317073,214.256097560976,67.390243902439,74.2774390243902,359.167682926829,71.280487804878,3154.93597560976,502.009146341463,-110.926492386471,23.3621370499419,18.491600298656,14.4345818815331,451.149529311084,73.5661750803553,29.4413077322262,30.906605691057,-22.3587720996259,29.3444147455174,958.295171012054,175.064162522694,-57.6585365853658,23.609756097561,18.5579268292683,13.7774390243902,395.567073170732,72.2560975609756,29.390243902439,32.2774390243902,-7.83231707317077,30.280487804878,490.935975609756,143.009146341463,869,59,71,56,1444,243,102,108,1128,102,3186,533,289,4,25,25,32,23,31,31,523,26,48,33,0,0,0,0,0,0,0,0,0,0,0,0,0,0,0,0,0,0,0,0,0,0,0,0,0
"485",18222,9110,140.75,59.75,0,0,113,65.5,57.25,76.25,152.5,58.25,100,95.25,153.25,14,9,0,0,13,10,8.5,10.5,14.5,9.5,12,12,14,9,0,0,13,10,8.5,10.5,14.5,9.5,12,12,12,8.5,0,0,11.5,8.5,8,9,13,7.5,10.5,10,0.839233260623724,0.79549604282354,0,0,0.698721922802133,0.731061581523913,0.750782214576945,0.75114248533868,0.777956081247879,0.766730129805736,0.758358354818426,0.781468986952575,0.868905924017223,0.886547949827691,0,0,0.900697226191684,0.79783408634001,0.863889032959467,0.805683923582224,0.885441401605759,0.765849510803524,0.864676617171288,0.875400730503325,26601.0003330708,1713.99993515015,1198.00001460314,1178.00001370907,4982.00009679794,2084,1249,618,31274.9993544817,1194.00001764297,15400.0011177063,3956.99954986572,29.1614540146793,67.072442582279,0,0,18.8453513924548,17.1475138578638,10.7424356940557,2.94868625626947,14.4686059873908,7.0906597384212,5.51292326530333,16.3831648676886,38.6544302082728,24.8311499276123,0,0,19.8602440547555,24.6965084757342,21.3425877346922,17.9397608061442,48.6748405862034,21.4227583124876,17.5626121045135,20.3563465814512,0.473512632436838,0.660377358490566,0,0,0.702702702702703,0.305263157894737,0.208791208791209,0.247311827956989,0.332853025936599,0.2,0.781564678543765,0.663082437275986,763.872395833333,5.47916666666667,28.2864583333333,29.0416666666667,29.3020833333333,28.1328125,32.1015625,31.53125,768.627604166667,33.8151041666667,31.0104166666667,30.6744791666667,-45696.7786458338,5025.27083333329,1505.40104166668,927.458333333343,39982.8229166664,5476.5859375,3788.7421875,4515.34375,-14408.7213541667,3429.34114583337,188135.614583335,29694.544270833,174.127604166667,41.5208333333333,13.7135416666667,8.95833333333333,266.697916666667,35.8671875,24.8984375,27.46875,197.372395833333,26.1848958333333,1205.98958333333,231.325520833333,-82.4425556912383,21.2488668061367,0,0,85.2156157817107,19.1190958969466,13.4530226528384,12.8621926229508,-23.6817025273225,12.0647241595136,437.189583333335,72.333394849081,17.1276041666666,20.5208333333333,0,0,61.1979166666667,19.8671875,12.8984375,11.46875,17.3723958333334,11.1848958333333,336.989583333333,57.3255208333333,938,47,42,38,296,64,57,59,966,60,1237,262,239,0,24,25,31,21,29,30,393,31,52,32,0,0,0,0,0,0,0,0,0,0,0,0,0,0,0,0,0,0,0,0,0,0,0,0,5
"475",11921,5960,102.25,55.25,29.25,29.5,57.75,48.5,46,51.5,100.75,42.5,73.25,70,106.25,12,8.5,6.5,6.5,9,7.5,8,8,11.5,7.5,10,9.5,12,8.5,6.5,6.5,9,7.5,8,8,11.5,7.5,10,9.5,11,8,6,6,8.5,7.5,7,8,11.5,7.5,9.5,9,0.872344113849521,0.742321599855295,0.706162523081789,0.798813130649726,0.914133888643403,0.824615070232339,0.911579808287054,0.90396857797868,0.846375625433616,0.843474914974353,0.897427742047899,0.72666650534999,0.931244394963733,0.901512260043181,0.839123807744007,0.853305631313295,0.929306962971512,0.965294424279336,0.85925438773999,0.95996960108463,0.959595149797462,0.966123305084282,0.945340191784608,0.925244687462773,19440.9999771118,1440.99995589256,1165.00000613928,773.999998450279,13285.0000470877,1995.99997997284,1010.00001096725,796.999989569187,24122.9998295307,1132.00000572205,22193.0021271706,5728.99996376038,41.7620080980748,114.624225916381,37.4129953731644,12.1591741454966,122.083676922563,33.9287142805913,16.072947136353,9.38520225473036,28.1504004511875,21.3928144591449,39.9562593093375,55.7189215000361,46.1125729606131,26.0540522557975,29.7577400561956,27.4001151637023,32.1587899236047,30.026045975801,26.7989610496701,26.8405055237646,67.2080007016193,29.7592381056011,26.1753989832354,28.1960825013544,0.306623058053966,0.636363636363636,0.253012048192771,0.150684931506849,0.881831610044313,0.542857142857143,0.267326732673267,0.345794392523364,0.286075949367089,0.300970873786408,0.921717171717172,0.791549295774648,765.108974358974,6.3525641025641,28.0833333333333,28.4839743589744,28.900641025641,28.3653846153846,32.8237179487179,32.1217948717949,768.083333333333,31.4391025641026,30.6666666666667,30.4903846153846,-33310.3141025639,4323.16025641024,1475.58333333335,965.310897435896,40090.2275641027,5730.7115384615,2987.9198717949,3298.23717948716,-12149.4166666667,2638.38141025642,140396.666666667,25098.5865384619,122.891025641026,39.6474358974359,26.9166666666667,14.5160256410256,714.099358974359,86.6346153846154,36.1762820512821,45.8782051282051,518.916666666667,41.5608974358974,1786.33333333333,334.509615384615,-81.6884364616634,18.9415535444948,10.1816239316239,6.57534767492394,169.294164169164,29.1706978588421,15.409977703456,15.494709982574,-30.1180727874278,15.2079562594269,472.609783845278,88.4774725274733,-44.1089743589744,18.6474358974359,9.91666666666667,6.51602564102564,120.099358974359,24.6346153846154,15.1762820512821,13.8782051282051,-24.0833333333334,13.5608974358974,341.333333333333,66.0096153846154,888,46,55,43,743,115,69,78,1287,73,1817,365,333,2,23,24,27,24,29,30,469,27,35,29,0,0,0,0,0,0,0,0,0,0,0,0,0,0,0,0,0,0,0,0,0,0,0,0,5
"444",14980,7489,124.5,66.25,46.5,34,85.75,62,64.5,69,121.5,57.5,101.25,86.5,129.5,14,9.5,8.5,7,11,9.5,10,9.5,13,9,11.5,11,14,9.5,8.5,7,11,9.5,10,9.5,13,9,11.5,11,11.5,9,7,6.5,10,8.5,8.5,9,11.5,8,11,10,0.75409069769855,0.783060538168311,0.82647783502259,0.880046435723309,0.83946091352022,0.924987322476914,0.886163920299831,0.886944736655471,0.728865253381052,0.877069994323915,0.892502989018258,0.957048841721377,0.862767621837474,0.940032791289991,0.808304630681321,0.871529822784488,0.915801924262801,0.863578248173825,0.834929220024099,0.904262779321028,0.879560714432584,0.883177057249735,0.945187970198854,0.964256383181442,25201.9996147156,1898.99998474121,1093.99997502565,933.999997854233,8917.00083059072,1646.00001811981,1100.0000038147,642.000004291534,25838.0009464622,967.999998867512,14935.0002689362,5540.00007790327,46.6223061905051,276.216219666314,14.0869055756274,12.4481867582798,53.3702914469127,23.8055987521056,13.3385884648147,5.39755706231218,24.6883187885327,11.8286774971697,14.5920180312914,49.7649774529021,38.9631029975784,31.8608645046255,23.8449362426914,23.9878911064957,25.3811090319806,25.8361705485742,21.3393949054804,20.8070069036323,55.485419917043,24.3445131775336,20.2590959388163,26.1167432826498,0.44957264957265,0.690140845070423,0.173333333333333,0.126760563380282,0.820128479657388,0.46218487394958,0.244897959183673,0.285714285714286,0.286944045911047,0.242105263157895,0.882702301410542,0.796116504854369,762.508522727273,6.77272727272727,28.0142045454545,28.7698863636364,29.5767045454545,28.8835227272727,33.1136363636364,32.5142045454545,767.235795454545,31.9943181818182,30.8892045454545,30.9431818181818,-51298.414772727,6492.72727272731,1972.64204545456,1273.19886363638,45080.2670454542,6710.33522727268,4006.13636363634,4330.64204545451,-18595.1420454545,3451.94318181822,185464.392045457,37092.4318181818,163.491477272727,117.227272727273,16.9857954545455,15.2301136363636,439.423295454545,63.1164772727273,30.8863636363636,33.4857954545455,238.764204545455,29.0056818181818,1308.11079545455,427.056818181818,-103.564747626871,24.4725557461407,8.92665566959924,6.41393716577539,128.732333355419,26.8584127565982,13.8786116983791,15.0039113965745,-38.6946431911709,14.1361166007906,450.078696689118,104.449881765633,-4.50852272727275,25.2272727272727,7.98579545454545,6.23011363636364,89.4232954545455,25.1164772727273,12.8863636363636,14.4857954545455,4.7642045454545,13.0056818181818,314.110795454545,75.0568181818182,926,124,45,44,469,92,64,66,1006,61,1339,458,267,2,24,25,27,22,31,29,428,27,42,31,0,0,0,0,0,0,0,0,0,0,0,0,0,0,0,0,0,0,0,0,0,0,0,0,5
"4422",5916,2957,505.25,250.5,207.25,169.25,267.5,248.25,297,256.75,472.75,242,340.25,254.75,517.5,28.5,19.5,17.5,16,19.5,18.5,20.5,19,26.5,18.5,22,18.5,39,19.5,17.5,21.5,19.5,18.5,20.5,19,31,18.5,22,18.5,24.5,19,17.5,16,18,18,19.5,18.5,25,18,20,18.5,0.832993592787928,0.953456052872727,0.795383875266604,0.764167884005041,0.724900201366884,0.751605577044996,0.805950422718107,0.786820316278018,0.739711029199153,0.82082707128495,0.797671042357341,0.672208403464068,0.906510233181684,0.949834015493648,0.929259666806278,0.88598706043229,0.912184713486635,0.907849377822947,0.897813994992592,0.909281174097234,0.935711674321238,0.925319449620869,0.885024426846588,0.919487383019105,106345.00240469,8309.999992311,4418.00001865625,4020.00002944469,34278.0001690388,8172.00006467104,4308.99993944168,2607.99997007847,108392.00104332,4025.99986618757,54629.999366343,32142.9984259605,29.3081311588005,122.233843538748,14.61390709728,12.2222557972284,45.7088773982169,21.5620983645158,10.4722088455926,3.61947371343747,14.4816692563762,8.28492612613467,10.3555116502547,79.0552099647639,34.622903750539,22.9782055873089,20.7635777123065,23.155621520098,21.15865321547,22.0099092728577,18.5640221022769,15.0750779890874,41.0664323616331,19.4926439389198,15.0671900410659,25.7648368837681,0.475142624286879,0.690140845070423,0.184210526315789,0.142857142857143,0.739292364990689,0.492307692307692,0.311827956989247,0.267326732673267,0.404417364813404,0.237113402061856,0.830110497237569,0.72952380952381,759.883561643836,6.26541095890411,28.2979452054795,28.9606164383562,29.4880136986301,28.5445205479452,31.3150684931507,31.8510273972603,758.33904109589,32.8013698630137,31.236301369863,30.8698630136986,-186710.972602734,26819.5993150672,8045.25342465725,4961.52397260293,204623.811643833,30400.8424657543,16569.8082191779,17743.3732876707,-85500.8150684982,14308.1643835622,752437.856164407,179733.383561639,294.116438356164,83.7345890410959,23.7020547945205,15.0393835616438,750.51198630137,105.455479452055,39.6849315068493,42.1489726027397,337.66095890411,37.1986301369863,1814.76369863014,1226.1301369863,-92.746995587425,26.9900780630515,8.72376770163741,5.90644412294367,179.018528357443,28.9267785457108,13.4231469950645,16.0418645209479,-45.9720395094304,13.4475970791352,535.318437792529,163.497163482866,9.11643835616439,27.7345890410959,8.70205479452055,6.03938356164383,149.51198630137,26.4554794520548,12.6849315068493,15.1489726027397,11.6609589041096,12.6986301369863,496.763698630137,140.130136986301,1054,90,52,44,780,134,71,74,1096,70,1846,1257,194,0,24,25,26,18,24,28,313,28,30,28,0,0,0,0,0,0,0,0,0,0,0,0,0,0,0,0,0,0,0,0,0,0,0,0,0
"521",11712,5855,152.75,53,44.25,0,137.25,76.5,48.75,64,177,60,123.25,103.75,177.25,14.5,8.5,8,0,13.5,10,8,9,15,9.5,12.5,11.5,14.5,8.5,8,0,13.5,10,8,9,15,9.5,12.5,11.5,13,7.5,6.5,0,12.5,9,7,8.5,14.5,8,12.5,11.5,0.782306948176739,0.83378887101545,0.851539043110978,0,0.898178069461298,0.806034439631809,0.911813664442345,0.93727190106365,0.779107729205086,0.913178324678242,0.978049674173807,0.943112697425801,0.876875724171645,0.876132519416106,0.822751601042237,0,0.914115305580082,0.85387143139009,0.838573125852311,0.905670288745074,0.94369159341745,0.867243896277967,0.979141818261052,0.94604410316302,20495.0000400543,1648.99987095594,1350.99996685982,1257.99997615814,2506.00002145767,1612.99999845028,1093.00001418591,572.999996900558,23636.9997754097,990.000017762184,4681.00006103516,4511.99980640411,12.4815211524617,40.4681564295222,13.0796486782485,0,4.58441785356144,11.5527264118684,8.28814191933607,2.38763981522039,6.1085757448358,5.11823319283192,1.55653568870808,18.7955951437116,30.9907801284759,22.1125445720626,21.6065015585233,0,15.0910575486275,20.5686612876573,22.1028251378023,15.9619559712806,34.8737758652867,19.216664656905,14.2488656337866,19.4662257549963,0.63720073664825,0.704918032786885,0.138888888888889,0,0.684887459807074,0.326530612244898,0.186046511627907,0.176470588235294,0.447284345047923,0.116279069767442,0.723669309173273,0.639575971731449,765.078431372549,5.00245098039216,27.9779411764706,28.7107843137255,28.9264705882353,27.9289215686275,31.0367647058824,30.6495098039216,768.639705882353,33.3970588235294,31.0759803921569,30.4362745098039,-54170.6078431385,5589.26225490187,1917.63970588238,1166.05392156861,50473.1323529405,7075.39460784307,3398.93382352938,3745.49754901954,-23322.5514705884,2901.48529411767,162681.129901959,34711.6813725489,166.921568627451,49.9975490196078,14.0220588235294,9.28921568627451,251.073529411765,43.0710784313725,22.9632352941176,19.3504901960784,162.360294117647,15.6029411764706,777.924019607843,263.563725490196,-91.042424825906,25.3796244913059,8.19720006646729,0,88.113602271509,19.5383986928104,11.999132730015,10.7333026960784,-32.9546776337656,9.24044117647057,304.88548005409,76.0191471769429,24.9215686274509,25.9975490196078,8.02205882352941,0,65.0735294117647,20.0710784313725,11.9632352941176,10.3504901960784,26.3602941176471,8.60294117647059,237.924019607843,58.5637254901961,932,55,42,38,280,71,54,50,931,49,809,294,154,-1,25,25,32,20,27,29,260,30,55,33,0,0,0,0,0,0,0,0,0,0,0,0,0,0,0,0,0,0,0,0,0,0,0,0,5
"504",11649,5824,79.75,28.5,24.25,0,66.25,40.5,40.25,41.25,81.25,28.5,73.75,72.5,83.75,10,6,5.5,0,9,7.5,8,7,10.5,6,10,10,10,6,5.5,0,9,7.5,8,7,10.5,6,10,10,9.5,6,5,0,9,7,7,7,9.5,6,9.5,9,0.866818263070899,0.853567387517889,0.808007868876349,0,0.793034981758892,0.804998718857738,0.881627477041589,0.889226452503739,0.857584122043428,0.768437607684794,0.835979963395552,0.872279522136244,0.919200253234193,0.923115243577044,0.897574353720862,0,0.931569785919997,0.898832057993731,0.790908872775251,0.908552271050721,0.91923774529266,0.832709824243848,0.885007660727391,0.90904726798992,12988.9999604225,809.000004053116,678.999991953373,596.000003635883,4803.99997520447,1095.99996888638,956.999988853931,384,13219.9996256828,561.999996423721,10633.9999542236,1700.00000238419,40.053991503643,98.0630751154593,16.0600207992869,0,24.9588708179757,22.1998063429751,15.5207670557973,3.39883377266555,16.8432417265408,8.82496971571432,11.2682713238216,8.21475727721841,43.2068975637329,31.1197276339008,25.3211453796259,0,24.6585156400794,27.7097219624594,29.8301779038194,21.7398082639451,50.4739384694986,26.1763863378455,22.3934879315835,22.5960629750387,0.52191894127378,0.625,0.162162162162162,0,0.763157894736842,0.418181818181818,0.195402298850575,0.195402298850575,0.325631768953069,0.191011235955056,0.838610827374872,0.648148148148148,772.3625,5.6625,27.378125,28.325,28.81875,28.3375,32.903125,32.015625,774.89375,32.553125,30.73125,30.64375,-25532.4374999999,2311.06250000001,1139.32812500001,835.124999999995,29852.7187500002,4385.93750000002,1837.45312499999,1964.765625,-8311.40624999991,1669.70312500001,87832.0312500005,15074.3437500001,165.6375,35.3375,15.621875,10.675,326.18125,52.6625,21.096875,20.984375,169.10625,22.446875,920.26875,157.35625,-80.5317789968648,20.4515350877193,8.79713273195878,0,109.543514150944,24.878549382716,9.56271350931674,10.3722537878788,-25.7860576923074,12.4117872807018,293.000953389832,51.1355603448279,11.6375,23.3375,8.621875,0,67.18125,25.1625,9.096875,9.984375,11.10625,13.446875,183.26875,32.35625,938,41,43,39,355,81,54,53,944,55,951,188,216,0,24,26,34,26,30,30,390,29,49,32,0,0,0,0,0,0,0,0,0,0,0,0,0,0,0,0,0,0,0,0,0,0,0,0,5
"454",11312,5655,108.25,54.5,45.25,37.25,66,59.75,52.25,54,109.25,47.25,79.25,77.5,116.75,16,8.5,8,7,9.5,9,9,9,16,8,10.5,10,16,8.5,8,7,9.5,9,9,9,16,8,10.5,10,10.5,8,7.5,6.5,8.5,8.5,8,7.5,10,7.5,9.5,10,0.889309664484425,0.914684097886807,0.903923880470845,0.891816100263,0.876618347598503,0.905094261181262,0.909681515656156,0.960791517867665,0.866192704503971,0.920633624539281,0.937174384604412,0.935422767106022,0.641507197668904,0.940876040839988,0.895430851762061,0.906617725048837,0.897209479724565,0.92220981168446,0.903589340291322,0.817760702728438,0.664442273292215,0.884181743229472,0.910169404762675,0.970865290973097,16761.0005276203,1514,1282.00005483627,1086.9999884963,17882.0018668175,3069.00006008148,1278.0001347065,1147.99996805191,18218.9997797012,1497.00010085106,26876,3527.00086653233,30.5793868254139,83.9287045219817,24.4075012414561,16.2107961270874,92.3168071570481,41.8227607120032,21.0537738549165,16.4778848746715,16.2974269174626,19.6378181793381,43.2749595802379,26.8078825954164,44.5655808890205,27.4303330599979,28.866140733873,27.451708043608,29.120031074437,28.5915050806851,26.831122643658,27.0464873696428,60.4580181829927,27.1187293978654,25.5210822171177,24.1729382496595,0.381849315068493,0.636363636363636,0.302325581395349,0.209876543209877,0.914583333333333,0.65979381443299,0.35042735042735,0.403225806451613,0.249845009299442,0.369369369369369,0.945921173235564,0.805263157894737,771.600694444444,7.78125,27.8784722222222,28.3333333333333,29.7083333333333,29.0590277777778,34.8506944444444,34.0729166666667,774.902777777778,30.8506944444444,30.53125,30.7916666666667,-35599.5243055558,4375.15625,2510.75347222224,1937.33333333335,81446.208333334,12088.4340277779,5007.72569444448,5402.94791666662,-8011.59722222215,4380.72569444447,237912.90625,38784.291666667,167.399305555556,47.21875,31.1215277777778,25.6666666666667,962.291666666667,145.940972222222,50.1493055555556,56.9270833333333,497.097222222222,51.1493055555556,2258.46875,360.208333333333,-82.3766759686944,19.2554472477064,13.3425222529159,11.089485458613,304.696969696971,50.1669136448166,22.9914108187135,24.4872685185185,-18.2528921942536,23.493220899471,743.771589116719,123.724462365592,-29.6006944444445,18.21875,13.1215277777778,10.6666666666667,257.791666666667,45.9409722222222,23.1493055555556,23.9270833333333,-14.9027777777778,24.1493055555556,501.46875,89.7083333333333,939,55,59,54,992,175,85,91,1272,82,2289,391,262,3,24,23,27,23,32,31,575,26,30,29,0,0,0,0,0,0,0,0,0,0,0,0,0,0,0,0,0,0,0,0,0,0,0,0,5
"406",5817,2908,111.5,39.5,35,0,98.75,85.5,75.25,81.75,120.75,64.5,90,106.75,121,13,7.5,6.5,0,11.5,10.5,10.5,10.5,13,9,10.5,12,13,7.5,6.5,0,11.5,10.5,10.5,10.5,13,9,10.5,12,11,7,6,0,11,10,9,9.5,11.5,9,10,11.5,0.97184436511804,0.922673132033865,0.916820184824734,0,0.892410197743821,0.928079850441823,0.895450939616827,0.928479364122485,0.910450574645348,0.967971212501736,0.953471426154504,0.948819430543384,0.878931215989603,0.894485059974909,0.912086930604329,0,0.897625634174174,0.871891440304509,0.891619101647003,0.915320214577165,0.898416120993529,0.957202107009408,0.956483242649028,0.929973639910583,19574.0001034737,999,861.999996781349,768,6262.99959516525,1303,1188.99997210503,503.999990999699,23497.000169158,735.000017881393,11294.0021209717,2136.00003290176,17.9008167644095,55.1232623577338,10.6133943500836,0,6.25831025664628,11.4221198737752,10.0300785338157,3.00425816762672,7.39486159370397,6.49403144071762,3.37834348932742,3.79201597597529,38.7598443221286,26.6856784166978,19.9307459022066,0,19.2868011102791,21.0848029356724,23.8887218382491,17.6260023200182,43.0889714184154,21.0372990586839,17.1954699291768,18.0064109432077,0.565362198168193,0.63265306122449,0.168831168831169,0,0.807751937984496,0.496296296296296,0.225806451612903,0.247311827956989,0.423192771084337,0.230769230769231,0.779141104294479,0.676258992805755,772.057291666667,6.0390625,27.7473958333333,28.6796875,29.4010416666667,28.28125,33.1067708333333,32.0130208333333,774.669270833333,32.1041666666667,31.1666666666667,30.8645833333333,-28240.7291666669,3187.09375,2062.26041666668,1472.03125,69528.8958333332,9805.875,3784.32291666663,4016.69791666663,-6659.9270833334,3548.58333333337,187456.333333335,29428.5416666669,191.942708333333,38.9609375,19.2526041666667,12.3203125,609.598958333333,81.71875,27.8932291666667,26.9869791666667,193.330729166667,26.8958333333333,1359.83333333333,227.135416666667,-64.2568432361738,19.7394185126582,10.2954613095238,0,171.391363396625,27.2392178362573,11.4015348145072,11.2438599006116,-13.8079871894411,11.5276162790698,489.666666666669,67.5920911397351,18.9427083333334,21.9609375,10.2526041666667,0,117.598958333333,17.21875,10.8932291666667,9.98697916666666,18.3307291666666,9.89583333333334,373.833333333333,46.1354166666667,964,45,47,41,639,110,61,59,968,59,1391,258,232,0,25,26,34,27,31,31,325,30,69,35,0,0,0,0,0,0,0,0,0,0,0,0,0,0,0,0,0,0,0,0,0,0,0,0,5
"466",6846,3422,105.25,54.25,39.5,0,65.75,56.75,48.75,48.5,101.75,44,82.5,64.5,108.75,12,9,7,0,9,9,8,8,11.5,7.5,10.5,10,12,9,7,0,9,9,8,8,11.5,7.5,10.5,10,11.5,7.5,7,0,9,8.5,8,7.5,11,7,10,8.5,0.837780069718601,0.560226354243565,0.783695379369249,0,0.687127019308191,0.772808120560448,0.817846020184605,0.816834598830705,0.91363388146485,0.821941466132768,0.81192415374057,0.580804671360932,0.940705890168888,0.853268854233022,0.888278974607366,0,0.873271679772725,0.946316379361279,0.795594048313535,0.916274739893263,0.951337215671667,0.942795511957307,0.978208180063922,0.89422202672571,24889.0002578497,2356.99995172024,1058.99999678135,758.000000655651,6700.99986314774,2334.00002974272,1440.99999982119,764.999962329865,24777.0000354052,1475.99997055531,13620.0000596046,7727.00000667572,61.7319446583434,617.898737280863,16.1636377777202,0,69.733963534473,35.3495348583072,20.9375341866317,13.4856025231425,45.2613908156262,36.5569246689535,23.3040822117989,362.478284892258,47.4359741800864,41.458984225418,27.1313898261879,0,28.9995995992281,31.0020425902015,27.7134931235589,23.6104320089226,62.9553884177745,31.6376357097592,22.6176097618557,39.831435333692,0.415562913907285,0.75,0.166666666666667,0,0.786600496277916,0.441441441441441,0.204545454545455,0.208791208791209,0.34077380952381,0.223529411764706,0.855731225296443,0.787735849056604,765.009146341463,6.89634146341463,27.8780487804878,28.4481707317073,28.6310975609756,28.4542682926829,32.7987804878049,32.6646341463415,768.146341463415,30.4207317073171,30.1890243902439,30.1859756097561,-38510.9786585368,4930.09146341466,1254.04878048779,696.045731707311,29103.4725609758,4504.3932926829,2425.53048780489,2584.88414634145,-15179.6585365854,2132.98170731708,115575.774390243,28238.1006097563,357.990853658537,163.103658536585,15.1219512195122,9.55182926829268,399.368902439024,54.5457317073171,24.2012195121951,24.3353658536585,301.853658536585,22.5792682926829,1035.81097560976,790.814024390244,-91.7597401656921,22.6566539282905,6.95106514356282,0,106.285252248911,20.0215026324271,10.2371169480926,11.8920668845863,-37.9030982201715,11.4769955654102,342.038248337028,104.410923615051,-1.00914634146341,22.1036585365854,7.12195121951219,0,93.3689024390244,18.5457317073171,9.20121951219512,11.3353658536585,3.85365853658539,10.5792682926829,293.810975609756,83.8140243902439,1123,170,43,38,428,83,57,57,1070,53,1066,821,306,2,24,25,27,21,28,30,401,20,38,29,0,0,0,0,0,0,0,0,0,0,0,0,0,0,0,0,0,0,0,0,0,0,0,0,5
"457",15597,7798,120.25,62,48,0,75.5,54.5,56.5,64.25,119,49.75,94.5,70,125,12.5,9.5,8.5,0,10.5,9,9,9.5,12.5,9,11,10,12.5,9.5,8.5,0,10.5,9,9,9.5,12.5,9,11,10,12,9,7.5,0,9,8,8,9,12,7,10.5,9,0.766301360074845,0.75318395045242,0.818797766525417,0,0.805704414360726,0.853859190882212,0.784464092430074,0.859669761784741,0.874065419490802,0.878110982840701,0.83831416491473,0.626850443019357,0.960646561969385,0.825964508370956,0.813943023781864,0,0.869936758461395,0.790017041016233,0.806081812027821,0.974592643190615,0.90286019415843,0.816101702551109,0.945773870270984,0.888736807354928,20233.0000374317,2204.00001454353,1216.00001364946,1031.99999427795,9906.99982118607,2514.99999392033,1224.00000190735,711.99998486042,21818.9998254776,1347.00004523993,18097,7366.00006598234,36.1175381355212,122.414528092762,22.548148524235,0,120.382901919721,47.9738059033709,16.4388017544958,8.71257793854548,24.846670590209,23.37874926485,47.6048766205616,171.469100010532,41.508530260895,27.9245549489294,29.4377174201707,0,31.6932978814383,33.1934243884655,27.070212629931,24.5761766601234,63.9917822616363,32.2573398095911,25.4712343697561,35.8991059292869,0.339966832504146,0.633333333333333,0.154929577464789,0,0.812182741116751,0.454545454545455,0.229166666666667,0.270833333333333,0.290239172592114,0.284210526315789,0.909471919530595,0.8125,763.171686746988,7.06547619047619,27.8214285714286,28.7172619047619,29.2886904761905,28.5922619047619,33.0386904761905,32.4494047619048,767.979041916168,31.4255952380952,30.875,30.547619047619,-44393.8433734939,5595.26190476192,1628.2857142857,962.369047619042,33284.6547619046,5099.8690476191,3210.65476190479,3555.29761904765,-14621.5209580837,2743.20238095237,143739.5,29699.1904761907,170.828313253012,61.9345238095238,17.1785714285714,13.2827380952381,466.71130952381,65.4077380952381,32.9613095238095,36.5505952380952,373.020958083832,38.5744047619048,1370.125,676.452380952381,-92.5812501565511,21.5796850998464,7.14732142857141,0,107.893428729107,23.7471876365226,13.3728139485883,13.6439804521031,-30.8761007396968,13.298022852357,376.527116402116,102.359523809524,-28.1716867469879,21.9345238095238,7.17857142857143,0,78.7113095238095,21.4077380952381,12.9613095238095,12.5505952380952,-23.4790419161677,12.5744047619048,259.125,81.9523809523809,934,69,45,42,496,94,66,69,1141,70,1401,707,336,2,24,26,26,20,30,29,482,27,31,29,0,0,0,0,0,0,0,0,0,0,0,0,0,0,0,0,0,0,0,0,0,0,0,0,5
"534",10097,5048,102,43.25,0,0,68.5,47.75,44.5,44.75,95.25,37,74.5,71.5,107.5,12,7.5,0,0,9.5,8.5,8,8,11,7.5,10,10.5,12,7.5,0,0,9.5,8.5,8,8,11,7.5,10,10.5,11,7,0,0,9,7.5,7,7,10.5,6,9.5,9,0.65426608040915,0.652978743361011,0,0,0.718385534766106,0.706689331552903,0.728514690442405,0.721880803784252,0.688842418824975,0.67172286078146,0.75284942827226,0.714248936242907,0.947935500503812,0.890703274323946,0,0,0.925050526313135,0.832281153482499,0.854696947233014,0.854227820878094,0.891432357824583,0.77284592184691,0.95054308353885,0.872673416107393,12939.9996154308,1349.99997627735,880,842.999989271164,10767.9997549057,2001.99994945526,1068.00000047684,863.999999165535,14885.9999098778,1349.0000140667,17322.0003967285,3121.99998402596,29.7676201563953,116.08855749577,0,0,164.855909362304,37.0184094387301,15.6051553209369,12.1315094349857,25.7242748465282,33.1602286018863,44.264334093554,27.6056257989223,39.1143872873001,28.9594011337392,0,0,35.1664138550881,33.2061530278542,24.5051199798277,26.4597547625653,63.160017545012,30.7622884620531,25.5294891943905,24.6577220023724,0.431578947368421,0.555555555555556,0,0,0.805263157894737,0.384615384615385,0.168539325842697,0.208791208791209,0.252906976744186,0.227272727272727,0.860182370820669,0.650943396226415,764.329268292683,7.1219512195122,28.1493902439024,28.655487804878,29.2408536585366,28.8719512195122,33.0670731707317,32.7987804878049,767.734756097561,30.7164634146341,30.4725609756098,30.2682926829268,-33807.5853658539,3369.56097560979,892.762195121957,670.140243902446,24604.4329268295,3594.06097560979,2319.15853658535,2464.52439024392,-10822.9451219513,2034.92073170734,107271.798780487,17250.6341463415,99.670731707317,47.8780487804878,13.8506097560976,9.34451219512195,369.759146341463,49.1280487804878,20.9329268292683,26.2012195121951,225.265243902439,26.2835365853659,986.52743902439,171.731707317073,-83.3243663318992,18.721979416326,0,0,87.3832339327048,18.21705401609,10.8374212112908,12.2403256574466,-28.9840999295822,11.6619149637443,351.185157145193,58.8121268974926,-11.329268292683,18.8780487804878,0,0,54.7591463414634,15.1280487804878,9.93292682926829,11.2012195121951,-5.73475609756099,10.7835365853659,265.52743902439,42.7317073170732,864,55,42,38,399,78,54,59,993,57,1017,202,283,1,25,25,29,23,30,30,440,27,36,30,0,0,0,0,0,0,0,0,0,0,0,0,0,0,0,0,0,0,0,0,0,0,0,0,5
"483",8202,4100,114,67.75,40.5,0,79.5,63.5,57,60,112.75,53,86.25,71.75,120.5,12,10,7.5,0,10,9.5,8.5,9,12,8.5,10.5,11,12,10,7.5,0,10,9.5,8.5,9,12,8.5,10.5,11,12,8,6.5,0,9.5,8,8,8.5,11.5,8,10,8.5,0.889427861666613,0.63558202951818,0.825925310954662,0,0.773327998698583,0.741913804195361,0.823053956487612,0.815715919718166,0.96066354364809,0.787106789725125,0.834154774951738,0.544925501189134,0.982947665910843,0.805763679131772,0.846605999689969,0,0.935073697281601,0.828554615384264,0.95891634182727,0.908083262498799,0.931524651306538,0.898082031529154,0.948524069693911,0.806416625924653,19655.0000896454,1756.99992823601,1155.00000905991,861.000001192093,6776.00000756979,2076.99984747171,907.999938130379,864.999998569489,31168.000079155,1626.00000214577,12449.9989874363,8175.00018811226,37.9466157095336,123.538238205799,20.0387078936455,0,72.0156082581957,31.8452284488813,13.1908155785909,8.32942721362876,32.5944717905625,20.8658931590851,22.2609820657253,153.775623216584,42.8224414953527,27.0096232490459,27.8231551953162,0,26.7875773856827,28.0163706677922,23.1506137388628,23.044328977912,66.1831796241107,28.9989260291657,21.924229437257,35.1694216378205,0.376083188908146,0.633333333333333,0.135135135135135,0,0.80952380952381,0.425925925925926,0.229166666666667,0.257731958762887,0.327784891165173,0.25531914893617,0.893542757417103,0.809725158562368,763.628472222222,6.96180555555556,28.1805555555556,28.8090277777778,29.4201388888889,28.6979166666667,33.0833333333333,32.2881944444444,767.475694444444,31.8368055555556,30.9270833333333,30.8402777777778,-45465.9236111105,5494.40972222219,1658.9722222222,1029.0486111111,40274.4930555551,5954.60416666661,3447.8333333333,3913.09027777781,-16500.2847222225,3157.65972222219,162026.145833332,33434.9861111108,288.371527777778,52.0381944444444,16.8194444444444,12.1909722222222,386.579861111111,52.3020833333333,26.9166666666667,31.7118055555556,544.524305555556,32.1631944444444,1129.07291666667,717.159722222222,-99.9442616959051,19.8167922304222,8.30092592592591,0,124.913194444443,23.5461778215222,14.6140350877193,15.832638888889,-36.3204838014294,14.3707416142557,464.046829710143,113.706760549749,-44.6284722222222,19.0381944444444,7.81944444444444,0,105.579861111111,25.3020833333333,14.9166666666667,17.7118055555556,-28.4756944444445,14.1631944444444,416.072916666667,102.159722222222,1052,59,45,41,416,81,60,64,1312,64,1160,748,265,3,25,25,27,22,29,29,432,27,34,29,0,0,0,0,0,0,0,0,0,0,0,0,0,0,0,0,0,0,0,0,0,0,0,0,5
"523",366,182,107.5,66.25,66.25,60.5,84.75,88.5,82,88.75,100.5,71.75,90,92.5,111,11.5,9,9.5,9,10.5,11,10.5,11,11.5,10,10.5,10.5,11.5,9,9.5,9,10.5,11,10.5,11,11.5,10,10.5,10.5,11,9,9,8.5,10,10.5,9.5,10,11,9,10,10.5,0.944525326162641,0.959597997506472,0.967064106570482,0.957454909107055,0.954617427528438,0.955320176578232,0.924610107501003,0.996218702049762,0.873497168108383,0.962418490038094,0.946138136723913,0.885892771102661,0.88164021527482,0.985535842819703,0.954163344594264,0.970022237700927,0.977960405630296,0.953710811040135,0.883503579134952,0.929103342898609,0.924527506953677,0.873144865327865,0.938038558315993,0.985945882352136,20615.0000085831,2085.99979639053,1703.9999910593,1311.99999725819,48165.0000228882,5989.00025749207,1771.00000154972,1774.99999880791,22900.9999923706,1896.00000059605,73000.0032501221,13289.9999961853,54.3297320417299,95.6379353391114,23.8393921737352,19.1843912025963,127.313075713585,39.4973486104096,16.2566952042544,11.4021401280145,30.3728489470993,20.5809353620921,43.0811149781985,51.9764284575765,37.8550298673273,27.1298169100189,28.4126397119358,29.854906147107,30.3318468650551,27.2034509337245,23.9400182514446,23.2629795587064,61.2349019085877,25.3989568177817,24.3605339738461,25.5689949585901,0.493449781659389,0.714285714285714,0.325842696629214,0.209876543209877,0.887125220458554,0.692307692307692,0.4,0.428571428571429,0.291579679888657,0.380530973451327,0.891613924050633,0.833030852994555,780.796511627907,5.09593023255814,27.5377906976744,28.4040697674419,28.718023255814,27.9273255813953,32.4389534883721,31.5145348837209,783.748538011696,32.0029069767442,31.1511627906977,30.3517441860465,-59083.651162791,7153.40697674417,4435.22093023252,2886.59302325583,141248.197674418,20596.2674418603,7600.10465116278,8356.54651162782,-16900.350877193,6988.70930232556,361045.883720929,64030.8255813956,114.203488372093,50.9040697674419,35.4622093023256,23.5959302325581,1175.28197674419,168.072674418605,55.5610465116279,57.4854651162791,254.251461988304,49.9970930232558,2614.8488372093,646.648255813953,-137.929069767443,26.4172773146116,15.9112659060991,11.2364261003268,409.609410372503,57.6517704638022,22.4665343165059,23.0770144120535,-42.84306537488,23.5127724657645,986.398837209299,170.813120678819,-54.296511627907,27.9040697674419,16.4622093023256,11.5959302325581,372.281976744186,52.5726744186046,22.5610465116279,22.4854651162791,-13.2485380116959,24.9970930232558,959.848837209302,158.648255813953,895,56,63,52,1204,196,88,89,1038,82,2646,677,212,1,25,25,40,25,31,31,452,30,51,35,0,0,0,0,0,0,0,0,0,0,0,0,0,0,0,0,0,0,0,0,0,0,0,0,5
"476",8889,4444,108.75,58.75,47,44.25,74.5,69.5,59.5,62,98.75,54.5,86.25,78.25,112.75,13,8.5,8,8,9.5,10,8.5,8.5,11.5,8,10.5,10,13,8.5,8,8,9.5,10,8.5,8.5,11.5,8,10.5,10,10.5,8.5,7,6.5,9.5,8.5,8.5,8.5,11,8,10,9.5,0.815126399571951,0.716963621035762,0.760508634412924,0.67232001779946,0.734282385344378,0.727921352323365,0.77582468272973,0.752505702866398,0.678282347707516,0.732218382365141,0.778478250924227,0.65120578712301,0.777150329676097,0.936701912624949,0.902831138593818,0.828481124502533,0.953361204698966,0.905564430464796,0.968770822838924,0.934348304225636,0.865234708520118,0.958373556571284,0.964514968252673,0.926978091940143,13447.9998903275,2236,1857.9999538064,1260.99997210503,39438.9979081154,5582.99970024824,2607.00009965897,2186.99991333485,21857.9998941422,2315.00001776218,63938.0018851757,11601.9998552799,47.5624267878579,160.311253485332,37.2784504725167,22.1963323961946,168.554551913862,57.9033589183602,34.9668012078889,20.3912068724596,23.5271838023293,25.4737453178344,66.199044900611,55.9910303428801,44.3310161603795,28.5763031039962,30.7760171520381,31.488347970764,32.3261146564351,29.190356008454,30.521217747506,28.3709621763128,70.3493805238001,29.8455425639732,27.5946923133062,27.3480081591179,0.353040540540541,0.724137931034483,0.296703296703297,0.219512195121951,0.920983318700615,0.689320388349515,0.426229508196721,0.416666666666667,0.211413748378729,0.361344537815126,0.948107188430455,0.841004184100418,772.715277777778,5.09375,27.8020833333333,28.9340277777778,29.5138888888889,28.1111111111111,31.8506944444444,31.1979166666667,775.010489510489,33.5972222222222,31.9479166666667,30.6597222222222,-40613.5902777782,5011.71875,3082.26041666664,1988.75347222221,100127.236111111,14444.8888888888,5635.33680555559,6149.73958333329,-8495.73076923078,4976.65277777773,253729.489583335,45518.4652777782,511.284722222222,47.90625,35.1979166666667,23.0659722222222,1213.48611111111,162.888888888889,63.1493055555556,60.8020833333333,435.989510489511,51.4027777777778,2575.05208333333,450.340277777778,-93.3773467432959,19.9998670212766,15.0011081560283,10.1111699623352,332.845171513795,51.3996802557952,23.2291374883287,23.9593413978494,-20.6054262193504,22.6963557594291,731.057880434786,144.084686723466,-47.7152777777778,19.90625,14.1979166666667,9.06597222222222,264.986111111111,45.8888888888889,22.6493055555556,22.8020833333333,-24.0104895104895,21.4027777777778,583.052083333333,122.340277777778,1284,53,63,52,1243,191,95,92,1211,85,2607,481,293,-4,25,26,29,24,27,30,537,29,32,30,0,0,0,0,0,0,0,0,0,0,0,0,0,0,0,0,0,0,0,0,0,0,0,0,5
"4441",13545,6772,154,91.75,55.75,0,102.5,80.75,74,78.25,141,62,116.25,116,157.25,14.5,11,9.5,0,12.5,11,10.5,10,13.5,9.5,12,12,14.5,11,10.5,0,12.5,11,10.5,10,13.5,9.5,12,12,13,10.5,8.5,0,10.5,10,8.5,9,13,8.5,12,12,0.888737108344492,0.970118444293559,0.738871224455493,0,0.742938161158551,0.78557820057598,0.80283057795204,0.79232719741805,0.869877581615692,0.837521534736276,0.794118083788059,0.855869914241123,0.917102678206069,0.934107698238761,0.772427622308457,0,0.842414507907752,0.817467943781278,0.801676094989782,0.909418136228036,0.972054423808317,0.83893441099476,0.960681603386716,0.986002320203838,39666.0007983446,3240.00007772446,1770.00001358986,1437,20672.0004585981,4329.99995446205,2527.99998164177,1363.00000661612,42485.0000211,1920.00001478195,43684,9297.00020909309,58.0182945122616,225.428931370981,25.2709668095766,0,165.299937092599,60.3859592656801,28.4737084551195,6.82656472493773,36.032324588539,17.2111046106254,58.2762344830239,70.325844350109,47.9179523204469,30.7485125131403,31.2966287353934,0,33.5744475518711,34.7010660391158,35.6155655117037,24.8900922983194,62.9784485283926,34.1358357340948,26.6556090516141,29.7218178432008,0.420435510887772,0.666666666666667,0.154929577464789,0,0.812345679012346,0.454545454545455,0.223529411764706,0.214285714285714,0.323903818953324,0.191489361702128,0.856985698569857,0.731884057971015,768.644886363636,4.97727272727273,27.7585227272727,28.9375,29.2017045454545,27.8352272727273,31.7414772727273,30.8920454545455,768.497159090909,35.0340909090909,31.59375,31.0653409090909,-55457.6335227281,6198.29545454542,1768.88920454544,1176.3125,44757.1278409086,6738.64204545458,2712.6107954545,3287.90340909089,-29669.7130681816,2657.55681818179,139505.53125,31319.9005681816,298.355113636364,45.0227272727273,14.2414772727273,11.0625,406.798295454545,63.1647727272727,24.2585227272727,23.1079545454545,317.502840909091,25.9659090909091,920.40625,305.934659090909,-90.1465097402611,16.5104656923458,6.90067009783936,0,106.993417405764,20.6725126653533,8.65717137592135,9.59996732500723,-53.3464498710507,9.57881231671551,294.42560483871,66.568279780564,-36.1448863636364,16.0227272727273,6.24147727272727,0,75.2982954545455,19.1647727272727,8.25852272727273,9.10795454545455,-29.9971590909091,8.96590909090909,243.40625,49.9346590909091,1067,50,42,40,436,91,56,54,1086,61,952,337,278,0,23,25,28,20,25,28,357,31,35,29,0,0,0,0,0,0,0,0,0,0,0,0,0,0,0,0,0,0,0,0,0,0,0,0,0
"539",6495,3247,100.75,44.5,0,0,62.75,48.25,50,45.75,99.75,31.25,78.5,52,109.5,11.5,7.5,0,0,10,7.5,9,8,11.5,6.5,10.5,8,11.5,7.5,0,0,10,7.5,9,8,11.5,6.5,10.5,8,11,7,0,0,8,7.5,6.5,7,10.5,6,9.5,8,0.93931000802723,0.8959177475856,0,0,0.678347059400032,0.874121617180461,0.770895583702811,0.85046985733438,0.881573730231737,0.850626929467092,0.852101781997874,0.613288281172212,0.944861819007395,0.924093833137568,0,0,0.820759137862875,0.886093258870618,0.715673151713933,0.861310666510885,0.871332815983328,0.825758472620309,0.905492187551606,0.982310341651189,21379.0005552769,1580.00000333786,977.999994456768,888.999989271164,6031.00018692017,1440.00002706051,1290.00001525879,637.000000655651,23823.9999864101,1366.00002849102,11848.9996528625,8213.00002408028,51.3789370650484,170.445107286528,0,0,39.0430922603197,30.5947751003835,28.8435175306549,9.05410805395169,42.6745067598939,26.7312007514481,12.3469224227164,245.137829918523,44.7175755046879,30.4228936944149,0,0,26.5029999991303,29.0268804199086,29.5463380044665,21.5176461854332,60.4485534408741,28.6974161745233,21.3234547697477,41.4843835652878,0.443806398687449,0.6,0,0,0.758823529411765,0.405940594059406,0.238095238095238,0.222222222222222,0.300648882480173,0.183673469387755,0.852376137512639,0.808270676691729,763.917682926829,5.23780487804878,28.0731707317073,28.9908536585366,29.0243902439024,28.0609756097561,31.530487804878,31.0914634146341,768.243902439024,33.8414634146341,31.2774390243902,30.7469512195122,-31750.9451219514,3671.84146341463,1061.9512195122,556.006097560973,23918.3170731705,3645.29268292685,2150.6463414634,2440.93902439023,-11574.8292682926,1957.43902439026,100126.481707318,24178.8353658535,194.082317073171,62.7621951219512,13.9268292682927,7.00914634146341,305.975609756098,48.9390243902439,23.469512195122,24.9085365853659,297.756097560976,26.1585365853659,962.72256097561,778.253048780488,-79.949940991346,21.2060153466703,0,0,91.3102711106787,18.6436876026792,9.54451219512197,12.0123617219779,-29.7802432911546,12.2545365853659,310.286255243128,109.637664165103,11.0823170731708,22.7621951219512,0,0,57.9756097560976,16.9390243902439,8.46951219512195,10.9085365853659,10.7560975609756,11.1585365853659,227.22256097561,73.7530487804878,958,68,42,36,335,77,55,56,1066,60,994,809,253,0,24,24,26,21,27,28,390,28,36,28,0,0,0,0,0,0,0,0,0,0,0,0,0,0,0,0,0,0,0,0,0,0,0,0,5
"503",16528,8263,116.75,58,40.5,0,73.75,56.5,49.5,59.25,119,31.75,86,51,121.5,12.5,9,8,0,10.5,9.5,9.5,10,12,7.5,11,9,12.5,9,8,0,10.5,9.5,9.5,10,12,7.5,11,9,12,8,6.5,0,9,7.5,7,8,12,5.5,10,7.5,0.817046804136436,0.759212236608094,0.658056273509958,0,0.555156309332062,0.699905112182606,0.603019913570398,0.695518906491371,0.876409070906964,0.58461792853284,0.67614962087557,0.588285227755971,0.960368934793181,0.846397289763295,0.782340732076047,0,0.823456047745831,0.791675573531966,0.738322254281748,0.778335192145175,0.984204303367592,0.655869193162719,0.878224270420897,0.858069459475969,23311,2640.00000965595,1179.00000035763,919.000016450882,12043.9993834496,3332.00000607967,1309.00004410744,822.999929308891,30555.0000030994,1654.99997198582,22414.0004057884,14112.0000698566,45.2118244984934,234.609551427881,21.9428200435648,0,136.369567383064,70.6217339050304,18.7404348099541,7.33171307267978,25.9048468703276,30.5928120439696,47.0557477432266,457.227605623705,48.70824285691,38.1396518751776,29.0657763594145,0,33.8206400097503,37.0971250916772,28.0472898599715,24.9672720529201,63.2199935877596,32.061860503854,26.1497642754951,48.3000861874127,0.376162299239222,0.717647058823529,0.162162162162162,0,0.828054298642534,0.518796992481203,0.225806451612903,0.239130434782609,0.331193838254172,0.234042553191489,0.896200185356812,0.878464818763326,763.5,7.50714285714286,28.1285714285714,28.6357142857143,29.3178571428571,28.675,33.3,33.1071428571429,768.8,30.5178571428571,30.4785714285714,30.55,-41003,4977.52857142861,1491.5142857143,960.042857142865,36754.5214285711,5722.94999999994,2824.19999999997,2907.92857142861,-17575.7999999998,2487.3214285714,130462.414285715,36563.6999999997,340.5,113.492857142857,16.8714285714286,11.3642857142857,540.682142857143,97.325,26.7,24.8928571428571,471.2,32.4821428571429,1223.52142857143,1617.45,-88.1124197002141,20.5532019704434,7.96402116402119,0,122.139769975786,25.7497787610618,12.9272727272727,12.1713381555154,-36.9260504201677,15.4034026996626,373.675498338873,162.891176470589,-39.5,18.4928571428571,7.87142857142857,0,86.6821428571428,19.325,12.7,11.8928571428571,-20.8,15.4821428571429,277.021428571429,113.45,1104,121,45,40,570,126,60,58,1240,63,1254,1648,240,1,24,25,27,19,29,30,484,26,32,30,0,0,0,0,0,0,0,0,0,0,0,0,0,0,0,0,0,0,0,0,0,0,0,0,5
"453",8403,4201,92.25,45.25,31,0,61.5,46.5,41,39.25,98.25,33.25,72.5,57.25,102.25,11.5,8,6.5,0,9,8,8,7,11,6.5,9.5,8.5,11.5,8,6.5,0,9,8,8,7,11,6.5,9.5,8.5,10.5,7.5,5.5,0,8.5,7.5,7.5,6.5,11,6,9.5,8,0.804066277300278,0.55875497107476,0.734358191721221,0,0.765577672530711,0.761745155041803,0.80474066080118,0.752437862670627,0.77155513263639,0.715668254593728,0.799313476214252,0.62454867163213,0.879197050370599,0.919680077011013,0.827626787587096,0,0.962743186332277,0.976972981881154,0.856160299012785,0.863508438691319,0.963938668628348,0.853077036387455,0.939132324692632,0.926846250017482,19639.9999914169,1861.99997162819,987.000002145767,727.000009477139,10384.0002075434,2255.00001001358,1269.99997919798,994.00003862381,22514.999946475,1611.00000286102,19753.9999694824,5653.00005114079,50.0346795529769,218.646713340891,17.181598062954,0,63.7452790734158,33.4067687025333,20.7140349045771,13.9975993359603,44.787082492469,51.4381868023352,27.3283571460361,83.4439310488159,45.9228433907678,36.0219619671166,28.2061776038944,0,29.263790886927,30.6723562909127,29.5582792397165,25.4390936939568,62.8465512264053,32.653149315423,24.1298359145774,30.6151956037876,0.452100840336134,0.710144927536232,0.150684931506849,0,0.783529411764706,0.415929203539823,0.2,0.204301075268817,0.330422125181951,0.241379310344828,0.850340136054422,0.732937685459941,763.431547619048,7.37202380952381,28.0595238095238,28.7291666666667,29.6428571428571,29.0803571428571,33.4494047619048,32.7529761904762,767.58630952381,30.9553571428571,30.639880952381,30.797619047619,-32209.5029761902,3810.84226190475,1228.65476190475,802.770833333337,29646.0714285712,4419.13392857143,1983.19345238094,2293.03273809525,-11370.800595238,1880.25892857144,98758.288690476,20242.7738095239,121.568452380952,78.6279761904762,15.9404761904762,11.2708333333333,391.357142857143,51.9196428571429,24.5505952380952,26.2470238095238,300.41369047619,24.0446428571429,982.360119047619,362.202380952381,-88.3583768873395,21.0423408313601,8.31144393241166,0,115.857142857142,23.0325460829493,10.2030342624855,12.3489346375493,-29.2351644856414,12.3228383458647,329.663567323481,82.6958307340407,6.56845238095241,20.6279761904762,7.94047619047619,0,82.3571428571429,20.9196428571429,9.55059523809524,11.2470238095238,4.41369047619048,12.0446428571429,238.860119047619,60.2023809523809,885,86,44,40,421,81,58,59,1068,55,1013,393,214,1,24,24,29,23,29,30,357,20,36,31,0,0,0,0,0,0,0,0,0,0,0,0,0,0,0,0,0,0,0,0,0,0,0,0,5
"491",9019,4509,111,45.75,51,40,70.75,74,73.75,83.75,114.25,66,87.75,80,118.25,15,8,8.5,8.5,10.5,10,10,10.5,14.5,9.5,10.5,10.5,15,8,8.5,8.5,10.5,10,10,10.5,14.5,9.5,10.5,10.5,10.5,7,8,6,8.5,9.5,9.5,10,11,9,10,9.5,0.769429775213373,0.714127587796356,0.6418284523578,0.605860588125033,0.605563082157189,0.625529795059545,0.761571711971378,0.754957418087851,0.800570359595171,0.7300280898818,0.747827199263971,0.732994205501494,0.690981674309077,0.802217827839634,0.76570390779533,0.741332702552028,0.78092201164007,0.779700561156988,0.851169295962095,0.907453400265509,0.731458717047529,0.873261619620323,0.886362803221725,0.859522427961148,19733.000171423,1864.00000011921,1287.00000023842,1033.99999928474,28129.9998694658,4255.99998855591,1200.00005489588,1218.99999892712,25309.9994994402,1550.00002384186,40696.9953918457,7309.00048148632,43.4040512282882,72.7246783514471,15.6440705070337,10.904263332329,39.221214378387,19.2123233887267,8.4581141238365,6.76362405158748,29.2522314105795,17.022911873677,15.8338862154175,14.0854354743889,40.4266662458428,26.62315642529,25.3803286439415,24.9761577521922,26.4059531262503,25.4785735608237,21.4774107334472,21.8095746792415,58.5762802907789,23.9982534768569,22.3783604540034,22.4237157163703,0.516483516483517,0.639344262295082,0.311111111111111,0.209876543209877,0.881370091896408,0.694444444444444,0.4,0.433333333333333,0.286896551724138,0.379310344827586,0.901503759398496,0.792682926829268,772.585227272727,5.51136363636364,27.6704545454545,28.4119318181818,29.0284090909091,28.0142045454545,32.4431818181818,31.4801136363636,774.855113636364,32.1647727272727,31.0653409090909,30.5738636363636,-42196.8125000002,4923.12499999995,3280.87500000001,2334.15624999998,107265.562499999,15533.2812500001,6243.37499999995,6897.90624999992,-9348.46875000008,5691.06249999996,295676.093749996,47731.5625000007,183.414772727273,46.4886363636364,35.3295454545455,21.5880681818182,1197.97159090909,164.985795454545,54.5568181818182,58.5198863636364,204.144886363636,48.8352272727273,2678.93465909091,432.426136363636,-95.7068488943494,26.2427347242921,14.9569964349376,11.9630681818182,367.427421297782,51.4857954545457,20.1974961479198,20.0213789009497,-20.72163442411,20.4412878787878,824.467422623668,144.841761363638,7.41477272727275,27.4886363636364,12.3295454545455,11.5880681818182,208.971590909091,30.4857954545455,14.5568181818182,14.5198863636364,9.14488636363637,16.8352272727273,516.934659090909,101.426136363636,956,52,63,50,1227,193,87,90,979,81,2710,463,229,1,23,25,28,25,30,28,451,29,34,30,0,0,0,0,0,0,0,0,0,0,0,0,0,0,0,0,0,0,0,0,0,0,0,0,5
"422",4649,2324,98.5,58,38.25,34,72,62,51.5,55.25,99.5,51,81.5,76.5,104.5,12,9,7.5,6.5,10,9.5,8.5,8.5,12,9,10.5,10,12,9,7.5,6.5,10,9.5,8.5,8.5,12,9,10.5,10,10,8,6.5,6.5,9,8.5,7.5,7.5,10.5,7,9.5,9.5,0.90656664703798,0.948626405760634,0.894605469460542,0.922954789144877,0.90132960940098,0.963092385959426,0.850687710794809,0.883729507653414,0.910540036815863,0.934150055258084,0.861285913354698,0.949761459686584,0.80814091264515,0.888157038240629,0.849174292812372,0.968079586999382,0.864493052401875,0.862351502910511,0.817628203626225,0.864233242899075,0.823474216830232,0.791605279328679,0.863347754961278,0.911010240360139,17540.999712944,1619.99998486042,1541.99998885393,988,22473.0000066757,3759.00001358986,1910.00000137091,1252.99999785423,21252.0000004768,1254.00012159348,34681.9984226227,5582.00103902817,33.7242447813327,117.862757102907,29.1650217512121,15.2655950389621,68.0867548971343,38.6684214810996,32.4729039688258,13.3943693359085,27.5343898008575,19.1188081249295,35.7275607575938,29.8959932800176,50.0705257685041,27.0005380073626,30.2650218115688,26.8315373347353,28.5597789205063,28.3116908271351,28.2524388447768,26.1598337507329,60.2063178375119,27.1534539080121,25.1724953467847,24.6911468089058,0.325740318906606,0.608695652173913,0.261904761904762,0.146666666666667,0.894329896907217,0.604790419161677,0.39344262295082,0.406779661016949,0.346674514420247,0.385964912280702,0.948988566402814,0.825471698113208,773.20979020979,5.67013888888889,27.8020833333333,28.75,29.4027777777778,28.0694444444444,32.5173611111111,31.6215277777778,775.920138888889,32.6319444444444,31.5243055555556,30.6666666666667,-31429.6923076919,3795.88194444449,2323.72916666666,1509.5,74100.6388888881,10567.9722222221,5459.7430555555,5964.20138888896,-6016.6180555555,4910.84722222225,256625.840277776,42837.3333333336,258.79020979021,35.3298611111111,26.1979166666667,16.25,772.597222222222,121.930555555556,55.4826388888889,55.3784722222222,600.079861111111,51.3680555555556,2263.47569444444,378.333333333333,-79.6285719356776,15.5367576628353,13.1064133986928,9.08823529411765,255.236111111109,42.4628136200715,26.4243864617043,26.6318658873807,-15.0432544667782,23.7847222222223,783.040111622354,139.045751633987,-57.7097902097902,14.8298611111111,13.1979166666667,9.25,193.597222222222,37.4305555555556,26.9826388888889,29.3784722222222,-18.9201388888889,26.3680555555556,510.975694444444,108.833333333333,1032,41,54,45,802,150,88,87,1376,84,2295,409,369,2,24,26,27,22,29,29,504,29,38,30,0,0,0,0,0,0,0,0,0,0,0,0,0,0,0,0,0,0,0,0,0,0,0,0,5
"533",7798,3898,134.5,56.25,0,0,95.25,60.25,58.5,71.25,144.25,57.25,82.5,102.5,145.75,13.5,8.5,0,0,11,8.5,9.5,10,14,9,10.5,12,13.5,8.5,0,0,11,8.5,9.5,10,14,9,10.5,12,12,8,0,0,10.5,8.5,8.5,9,13,8.5,9.5,11,0.906896129689011,0.857153216801483,0,0,0.924834248751202,0.864891458633891,0.807091616766078,0.888529142472524,0.870134161749075,0.889796304014929,0.865722785778031,0.804150898128058,0.906406145017738,0.953485636255775,0,0,0.937985395644879,0.963138928557983,0.893019035706861,0.919122858491566,0.896045747070031,0.903676401294965,0.886701078999006,0.885871220450971,38287.0000206232,2683.00007152557,1360.999989748,1085.99999010563,6577.99991798401,2328,1360.99998533726,701.000001192093,40863.9997007847,1057.99999237061,9074.99983215332,3318.0000128746,42.4848418752465,108.481364126352,0,0,20.7520399015807,22.1072787494588,12.8455744447046,4.32941075012544,21.4659202395941,9.28458509963449,5.54208129467551,16.3298103304718,48.6714417777545,29.9883092148588,0,0,21.6088777586102,27.8173234425257,23.6949814825608,19.8974581287559,56.2483849424194,23.5374986702407,17.7417085350574,20.6822590095465,0.55406538139145,0.653846153846154,0,0,0.721362229102167,0.346938775510204,0.209302325581395,0.244444444444444,0.398702235039654,0.170212765957447,0.744227353463588,0.670682730923695,762.286931818182,4.85227272727273,28.1221590909091,29.2698863636364,29.5170454545455,28.03125,30.7301136363636,30.2755681818182,767.102272727273,35.7045454545455,32.3579545454545,31.0653409090909,-35784.2812500001,4296.125,1336.78125000001,919.656249999996,35704.5625000004,4938.78125,3248.34375000002,3628.34375000005,-8805.62499999995,2716.24999999999,153587.312500002,26789.9062499998,217.713068181818,41.1477272727273,12.8778409090909,9.73011363636364,277.482954545455,40.96875,27.2698863636364,27.7244318181818,388.897727272727,20.2954545454545,992.642045454545,215.934659090909,-67.7200173200408,19.8099494949495,0,0,89.4068390598909,19.6616960580913,11.9408265345765,11.5770633971292,-15.4107649283125,10.6578999603017,422.196590909092,62.7346590909088,16.2130681818181,19.1477272727273,0,0,66.4829545454545,18.96875,12.2698863636364,9.72443181818182,15.8977272727273,10.2954545454545,363.142045454545,44.9346590909091,980,46,41,39,307,69,58,58,1156,56,1025,247,166,-3,24,25,30,21,22,28,337,29,54,32,0,0,0,0,0,0,0,0,0,0,0,0,0,0,0,0,0,0,0,0,0,0,0,0,5
"397",6940,3469,148.5,73.75,75.25,63.5,100.5,101.75,74.75,100.5,159,80.75,134.25,102.75,160.75,13.5,9.5,10,9.5,11,11.5,9.5,11.5,14,10.5,13,11.5,13.5,9.5,10,9.5,11,11.5,9.5,11.5,14,10.5,13,11.5,13.5,9.5,9.5,8,11,11,9.5,11,13.5,9.5,12.5,11,0.880541940161302,0.827983351216333,0.798620256378475,0.740864668411708,0.812968500795727,0.794015564523977,0.846128958132362,0.816747334287884,0.882599544621884,0.764668026156961,0.859169456450257,0.802494275215237,0.986574175406195,0.980499613222626,0.939659416349044,0.862276427151593,0.996545125527842,0.961185974196161,0.94791594996163,0.969985587670133,0.916904387658966,0.94700780472553,0.943936146337151,0.985408697887396,29534.0002565384,1906.99999213219,1404.00000041723,1241.00002241135,24459.0016374588,3874.99988651276,1727.00002795458,1419.99985086918,36775.0008468032,1766.00001978874,44312.9997634888,8815.99987840652,26.6827484778826,39.151892808307,13.0575579983546,10.6916965022712,33.3367456265502,16.3008390537644,11.5623371439639,7.07167033215056,16.8878838977042,12.2790043290043,15.3918959436519,15.9895009261495,35.4405850958751,22.3866117136924,21.3675347596214,22.5116551369577,22.0040486540197,22.1655635853388,19.4762752592769,19.734713520709,47.016919556518,22.4881310889634,19.6145292496622,20.9421438147948,0.529015979814971,0.701492537313433,0.303370786516854,0.209876543209877,0.813907933398629,0.642512077294686,0.327731092436975,0.378151260504202,0.356204379562044,0.362068965517241,0.886588658865887,0.77818853974122,772.133165829146,5.985,27.695,28.6925,29.5425,28.3625,33.085,32.1225,775.01256281407,32.3275,31.2075,30.65,-65084.6256281406,8273.64500000001,4879.11500000003,3257.72249999996,148040.172499999,21841.9125000002,7925.34499999998,8658.23249999998,-20311.0778894473,7213.41749999991,368182.577499997,64660.0499999994,191.866834170854,61.015,33.305,24.3075,1162.4575,171.6375,49.915,61.8775,203.98743718593,52.6725,2619.7925,572.35,-110.458081654061,27.3811016949154,14.5574916943521,10.4807283464566,349.323171641791,50.9863943488947,21.915,20.0740174129351,-32.0707389146993,19.9325619195045,673.295293296085,148.678467153284,11.8668341708543,29.015,14.305,10.3075,305.9575,46.6375,20.915,16.8775,13.4874371859296,17.6725,488.7925,123.35,964,67,61,53,1192,200,83,94,979,85,2651,603,230,2,25,25,36,28,30,30,340,29,58,35,0,0,0,0,0,0,0,0,0,0,0,0,0,0,0,0,0,0,0,0,0,0,0,0,5
"427",418,208,126.25,44.75,43.25,0,121.5,117.25,76.5,80.25,129.75,50.5,107,115.5,132.5,13.5,8,7,0,12.5,12.5,10,10.5,13.5,8,12.5,12.5,13.5,8,7,0,12.5,12.5,10,10.5,13.5,8,12.5,12.5,11.5,7,7,0,12,12,9.5,9.5,12,7,11,11.5,0.909018544194005,0.917870360606997,0.950459961298188,0,0.963988872657975,0.953743859818193,0.873611178711168,0.922820192164772,0.917601759721262,0.902479625414864,0.892096143087049,0.88403014761821,0.852573740948868,0.894956229677772,0.972730517242803,0,0.955679093451848,0.936061138938508,0.923994966222411,0.894728974301149,0.886202031560397,0.830372721742427,0.909713202790746,0.900108634186936,19388,1293,885.999996960163,903.999993681908,3270,1204,1310.99995756149,437.999972820282,22563,842.999942064285,6639,1488.00008821487,15.0194279904708,45.964598192371,12.3476450322245,0,3.89162394134514,11.1836796572787,8.95457788508033,2.55491469366353,6.01532261732094,6.92291699721518,2.04900026670195,3.42492143236192,35.8562476871248,24.7091315808894,20.0198679631975,0,16.7640023747903,19.6424072799266,24.0338597835597,16.3572557837675,39.0544925679915,21.1528852870947,15.4814748401551,16.4993351713436,0.535420098846787,0.568627450980392,0.138888888888889,0,0.772043010752688,0.452991452991453,0.191011235955056,0.168539325842697,0.407904548844146,0.176470588235294,0.752166377816291,0.634854771784232,781.0703125,6.9453125,27.3489583333333,28.0104166666667,28.78125,28.296875,33.9817708333333,33.5677083333333,784.1328125,29.7395833333333,29.7109375,30.2239583333333,-35485.265625,3554.984375,1975.05208333335,1306.47916666666,65754.9375,9583.65625,3542.6614583333,3718.1145833333,-11854.390625,3225.0208333333,183490.203125,29923.3020833336,192.9296875,37.0546875,16.6510416666667,10.9895833333333,421.21875,61.703125,20.0182291666667,21.4322916666667,178.8671875,21.2604166666667,1026.2890625,174.776041666667,-70.6960550742574,19.5127880586592,8.72618617533721,0,133.539737654321,20.0613339552239,9.69796772875814,10.1550330996884,-22.9709627890173,12.5178424092409,409.088127920561,63.2998511904767,14.9296875,21.0546875,8.65104166666667,0,94.21875,11.703125,9.01822916666666,9.43229166666666,17.8671875,12.2604166666667,323.7890625,46.7760416666667,974,44,44,39,450,90,54,55,963,51,1056,205,243,1,24,25,42,29,33,33,364,27,69,35,0,0,0,0,0,0,0,0,0,0,0,0,0,0,0,0,0,0,0,0,0,0,0,0,5
"4457",12596,6297,177.5,64,0,0,118.75,65.25,0,0,186,0,119.25,138.75,188.75,14.5,10,0,0,12.5,9.5,0,0,15.5,0,12.5,13.5,14.5,10,0,0,12.5,9.5,0,0,15.5,0,12.5,13.5,14.5,8,0,0,12,8.5,0,0,14.5,0,12,12.5,0.86868788124488,0.898902285517859,0,0,0.795074106302101,0.906079913325893,0,0,0.920857118121379,0,0.885580655683056,0.919437001025007,0.932493563905889,0.835641909689633,0,0,0.88252760585363,0.829197472687695,0,0,0.930593750987149,0,0.938595598897482,0.938672255180115,29573.9993829727,1915.99997776747,1665.99999797344,1511.00000602007,4495.00012350082,2383.99999380112,1467.00001764297,615.999984502792,33577.9999217987,1055.99997544289,5220.00003051758,3121.00003486872,13.2897059936825,68.5001440051503,0,0,10.2078166034267,15.8894968689352,0,0,6.5788405958843,0,2.67122420358063,14.4051899531543,36.4398438074336,24.7128720186718,0,0,19.6869220405292,26.1530362190165,0,0,39.5331111050757,0,15.0867362422759,19.0956006915816,0.458265139116203,0.63265306122449,0,0,0.691228070175439,0.304347826086957,0,0,0.402637703646237,0,0.714693295292439,0.587628865979381,757.416666666667,5.75245098039216,28.1642156862745,29.0416666666667,29.1813725490196,28.1421568627451,31.203431372549,31.2843137254902,754.553921568627,33.9828431372549,31.4387254901961,31.0049019607843,-39826.5833333328,4588.89950980386,1544.01715686276,756.541666666677,33176.0637254896,4627.6715686275,2542.40931372552,3169.34313725484,-20189.2107843133,2251.95343137259,122824.762254902,23828.2990196081,205.583333333333,43.2475490196078,11.8357843137255,7.95833333333333,259.81862745098,36.8578431372549,13.796568627451,13.7156862745098,236.446078431373,12.0171568627451,618.561274509804,157.995098039216,-57.1011737089195,19.3295802696078,0,0,65.2038906088744,15.5628239801667,0,0,-27.2770398481968,0,234.747857319028,41.0653683094863,24.0833333333334,20.2475490196078,0,0,47.8186274509804,15.8578431372549,0,0,21.4460784313726,0,193.561274509804,27.9950980392157,963,49,40,37,289,65,45,45,991,46,650,189,289,0,25,25,28,19,27,30,313,29,47,31,0,0,0,0,0,0,0,0,0,0,0,0,0,0,0,0,0,0,0,0,0,0,0,0,0
"381",19262,9630,150.25,57.5,0,0,102.5,73.25,55.75,54.5,154,51.25,91.25,92.25,159.75,13.5,8.5,0,0,11.5,11,9,8,13.5,8,11,11.5,13.5,8.5,0,0,11.5,11,9,8,13.5,8,11,11.5,13,8,0,0,11,9,8,8,13.5,8,10,10,0.88005037405585,0.883772700164818,0,0,0.87902357080234,0.803927029732893,0.949830560815545,0.965219088186509,0.851216355970539,0.909444692639063,0.930862044203482,0.812379627990719,0.965297239545568,0.94466942038706,0,0,0.926588717534106,0.821519368151984,0.908593114907377,0.924231500094483,0.949581152848697,0.957928403295434,0.908281715903634,0.887902114156644,27090.0002691746,1806.00000244379,1316.99997901917,1275.99997854233,2978.00003814697,1630.99992316961,1546.0000333786,918.999962449074,39133.9990901947,1675.0000012517,8484.99987792969,4125.99997329712,21.9516414128115,77.3510470829557,0,0,8.66568689262122,15.7822375441189,11.5626831378313,7.31817590039176,16.9659578116868,19.5357492122134,5.37649339845901,25.6553610896783,36.0785277181994,24.0735856556699,0,0,18.0426236617383,22.827882417898,22.3812717330935,19.9478052776927,46.6766959627491,23.8325866875197,16.9676481586256,20.2978148314013,0.530906011854361,0.614035087719298,0,0,0.673076923076923,0.346938775510204,0.191011235955056,0.195652173913043,0.414448669201521,0.195402298850575,0.743119266055046,0.646616541353383,764.473404255319,6.73670212765957,28.1622340425532,28.8031914893617,29.1143617021277,28.4521276595745,32.7047872340426,32.1914893617021,768.449197860963,31.0771276595745,30.6436170212766,30.5345744680851,-47135.5053191482,5088.24734042554,1577.33244680853,948.760638297882,40737.9228723402,5952.09042553195,3283.64095744676,3406.6382978723,-17307.0374331549,2742.71542553187,154677.728723404,29848.4069148935,193.526595744681,44.2632978723404,11.8377659574468,9.1968085106383,280.885638297872,39.5478723404255,21.2952127659574,23.8085106382979,201.550802139037,21.9228723404255,1031.35638297872,233.465425531915,-79.167247849328,22.0285152636448,0,0,92.7783212247016,18.6127187568078,10.9723428108004,11.537868436463,-28.5011459129103,11.0692138038402,380.92624599242,74.2703035806952,21.5265957446809,22.2632978723404,0,0,70.3856382978723,17.5478723404255,10.2952127659574,10.8085106382979,18.5508021390374,10.9228723404255,313.356382978723,59.4654255319149,958,51,40,38,310,68,54,56,970,53,1062,264,213,2,25,24,31,17,26,30,311,26,41,31,0,0,0,0,0,0,0,0,0,0,0,0,0,0,0,0,0,0,0,0,0,0,0,0,5
"490",2545,1272,145,79.25,60.25,0,103,88.75,80,85.5,138.5,75.25,111.25,98.75,147.5,14,10.5,9,0,11.5,11,10,10.5,13,10.5,12,11.5,14,10.5,9,0,11.5,11,10,10.5,13,10.5,12,11.5,13,9.5,8,0,11,10.5,10,10,13,9,11.5,10.5,0.927609214141796,0.841121543212577,0.78331636984742,0,0.780212366249928,0.756115099956276,0.761307817334353,0.74923953690472,0.902719347935047,0.735877614373938,0.80477916482209,0.715840274516653,0.916178586027486,0.881293659614866,0.839515327470685,0,0.927924592725363,0.956177032641869,0.969875861812398,0.92803579393485,0.970614044592998,0.883633708943027,0.941784553318209,0.895610360418151,30981.0000143051,2569.99995690584,1872.00000929832,1294.99999821186,18474.9991159439,3580.00013589859,2553.00007688999,1332.99999094009,38160,1630.9999370575,27625.0000019073,4814.99986422062,50.3166413210455,112.898715668244,27.6491848447496,0,87.8633429358239,36.8797309002854,33.7107481357363,11.1349573425975,30.6216148091323,20.7625804243303,33.2093292374016,42.6078646797144,41.8382543347748,26.2996371894628,30.8595105134587,0,27.7138626719718,27.7534708127454,28.3326866032119,23.9829314425923,61.3893418644173,25.0191716043776,22.4127852438885,23.0905230797049,0.435677530017153,0.672727272727273,0.219512195121951,0,0.858181818181818,0.507692307692308,0.313725490196078,0.320388349514563,0.325412541254125,0.254901960784314,0.91020999275887,0.733788395904437,765.988095238095,5.98214285714286,28.3154761904762,29.2886904761905,29.7142857142857,28.4107142857143,32.5505952380952,32.0416666666667,770.318452380952,33.7857142857143,31.6011904761905,31.1607142857143,-63465.9761904753,6883.53571428568,2629.86904761906,1630.67261904764,69808.5714285715,9896.6785714286,5191.14880952376,6042.41666666662,-21515.886904762,4735.42857142853,236383.29761905,40555.1785714282,231.011904761905,46.0178571428571,23.6845238095238,13.7113095238095,555.285714285714,80.5892857142857,38.4494047619048,41.9583333333333,462.681547619048,34.2142857142857,1427.39880952381,274.839285714286,-109.493267651887,20.8948287516899,9.98327899624583,0,167.72746185853,27.6090040241449,16.1619047619047,17.3092105263157,-39.0729650163317,15.5099667774086,526.111169074376,101.092450271247,-58.9880952380952,22.0178571428571,8.68452380952381,0,147.785714285714,23.5892857142857,15.4494047619048,16.9583333333333,-26.8184523809524,15.2142857142857,492.39880952381,95.8392857142857,997,52,52,43,585,109,71,74,1233,68,1459,306,195,2,24,26,27,23,28,29,435,28,36,31,0,0,0,0,0,0,0,0,0,0,0,0,0,0,0,0,0,0,0,0,0,0,0,0,5
"432",11296,5647,134,60.75,50.5,0,81.5,69,69.25,75.75,113.5,64.5,102.75,86.25,135,13,9,8.5,0,10,10,10,10,13.5,9.5,11.5,10.5,13,9,8.5,0,10,10,10,10,13.5,9.5,11.5,10.5,12.5,8.5,7.5,0,10,9,9,9.5,11,8.5,11,10.5,0.950807223768956,0.835602452034942,0.834118962564692,0,0.904993341327008,0.846314464110602,0.845573910827028,0.813688110900825,0.942698083728273,0.804157161420795,0.839095692920421,0.791613498298384,0.910905073200855,0.91884998825571,0.874637532467089,0,0.928857560662636,0.846293626187415,0.926028028319485,0.962207739886129,0.834508136275781,0.934576839255356,0.950780854669683,0.956084143406443,23776.999858737,1571.99989748001,1222.99999940395,1078,10870.0000104904,2094.99993777275,1478.00001001358,1137.99986362457,28402.0001211166,1509.99994707108,40531.9998736382,5336.99996030331,42.4538509191676,118.976677462125,16.4129785729724,0,73.8652854478727,27.2894742901881,11.0789006494528,8.50345622808118,30.6898679009559,14.0956566234235,24.0852330545968,22.2737983166677,39.6624894759537,26.4030357668,27.622226099911,0,26.9362696260059,27.1912490939293,22.8092130269394,23.336969811297,68.8539224379838,23.8507170793142,22.7943895878047,22.4126505001417,0.461409395973154,0.655172413793103,0.178082191780822,0,0.814569536423841,0.441441441441441,0.351851851851852,0.392857142857143,0.272978576364893,0.314814814814815,0.920585161964472,0.75811209439528,764.02380952381,5.08928571428571,27.8988095238095,28.875,29.1369047619048,27.9166666666667,31.2678571428571,30.7440476190476,768.669642857143,33.8065476190476,31.6160714285714,30.4642857142857,-50608.857142857,5792.78571428577,1945.64285714284,1102.5,48070.071428571,6575.99999999996,5755.35714285717,6289.21428571426,-10913.6071428572,4912.46428571426,257499.32142857,38700.285714286,273.97619047619,54.9107142857143,18.1011904761905,11.125,437.863095238095,58.0833333333333,45.7321428571429,55.2559523809524,431.330357142857,41.1934523809524,1947.38392857143,298.535714285714,-94.5070184790332,23.6144179894181,8.70020037718054,0,143.537941863861,23.3369565217391,19.7682439401754,20.0513319189061,-25.1432111390814,18.4725221483942,618.602906673616,109.445859213251,-13.0238095238095,24.9107142857143,9.10119047619047,0,143.863095238095,21.0833333333333,19.7321428571429,18.2559523809524,-8.66964285714289,18.1934523809524,417.383928571429,91.5357142857143,1038,60,46,40,467,86,77,86,1200,75,1979,329,278,-1,24,24,27,23,27,29,473,30,38,29,0,0,0,0,0,0,0,0,0,0,0,0,0,0,0,0,0,0,0,0,0,0,0,0,5
"535",13030,6514,132.25,56.75,0,0,82,64.5,62.5,67.25,126.5,58.5,83,86,137.25,13,8.5,0,0,10.5,9.5,9.5,10,13,9.5,10.5,11,13,8.5,0,0,10.5,9.5,9.5,10,13,9.5,10.5,11,13,8.5,0,0,9.5,8.5,8.5,8.5,12.5,8,9.5,9.5,0.779930686287713,0.829235526410336,0,0,0.772406841823519,0.785624608550043,0.720165150004586,0.782070584812376,0.698571324272655,0.764030356529075,0.717305143424079,0.881611931412823,0.962835763086889,0.968442209820922,0,0,0.908649044393213,0.886377589541083,0.865591581586183,0.867486817029804,0.924805593844492,0.807892034829689,0.864268280684756,0.885988513505954,26669.0000698566,2040.00003015995,1309.9999935627,1074.00001597404,13184.0000009537,2474.99989140034,1315.99999719858,1020.00006639957,28393.0000845194,1382.99995940924,38811.999961853,4890.99987959862,43.215677043646,123.187078613704,0,0,44.6319825963589,25.1888536212883,12.6799857307169,6.44583456811133,28.5396990193742,13.2886125218272,24.1577592132234,23.3456928792871,45.1004006715891,28.4799192946478,0,0,25.8381105458158,27.185404341679,22.9332546694025,22.0735588686365,58.5517106566139,25.2163571325434,23.4609832479136,22.9598580895322,0.464553794829024,0.68,0,0,0.762025316455696,0.41747572815534,0.307692307692308,0.327102803738318,0.376757957068838,0.289719626168224,0.871635610766046,0.716171617161716,763.347222222222,5.30833333333333,28.0472222222222,28.7527777777778,29.1277777777778,28.0083333333333,31.8444444444444,31.35,767.222222222222,33.9777777777778,31.7055555555556,30.9833333333333,-37542.6249999996,4527.72499999998,1602.075,1083.72500000001,42705.8499999994,5824.42500000004,4842.39999999993,5235.84999999994,-11089.0000000001,3924.20000000003,214088.65,32181.1499999999,149.652777777778,41.6916666666667,15.9527777777778,12.2472222222222,370.872222222222,50.9916666666667,44.1555555555556,45.65,324.777777777778,39.0222222222222,1870.29444444444,274.016666666667,-71.2924018063424,20.0440895741556,0,0,124.869173441733,22.0149224806202,17.2475555555555,17.8544609665427,-22.6431708388232,15.8683760683761,614.652878179384,90.0341085271316,12.6527777777778,20.6916666666667,0,0,110.372222222222,21.9916666666667,15.1555555555556,14.65,12.7777777777778,14.0222222222222,461.794444444444,70.0166666666667,913,47,44,41,400,79,76,77,1092,73,1902,305,209,-1,24,25,28,20,28,30,347,27,40,32,0,0,0,0,0,0,0,0,0,0,0,0,0,0,0,0,0,0,0,0,0,0,0,0,5
"404",1761,880,90.75,47.5,41.5,37.25,57,59.5,47,55.5,95.75,45.75,73,62,101.75,11.5,8.5,7.5,7,9,9,8,8.5,11,8,9.5,9,11.5,8.5,7.5,7,9,9,8,8.5,11,8,9.5,9,10,7,7,6.5,8,8.5,7.5,8.5,11,7,9.5,8.5,0.792711825455545,0.841369051594322,0.885371812869935,0.858750387800257,0.87833160709248,0.860813140404578,0.967535856656886,0.919359254313585,0.662479498496236,0.887006142784077,0.930899244381172,0.902740600832793,0.916494850643484,0.818346121314864,0.952820086593537,0.854043031274978,0.934200712082882,0.935139024021107,0.960259075944489,0.944166127125742,0.88693554687532,0.877740180744439,0.981133846578313,0.930649543359699,11765.9998512268,1720,1232.00004160404,886.000046730042,25995.0011196136,3755.00003218651,1105.99999779463,954.000000238419,12423.9999775887,1040.99999672174,36024.0000133514,6202.00001710653,37.1910610035069,71.5774563375156,25.7537691952995,13.901977290301,88.4792621620795,37.9477274607694,12.0104702041717,11.1898442326742,9.48133379769279,15.9715453493963,38.3580981158241,21.7317028800976,40.8107067590608,28.1569378739693,28.7080247444672,27.7973759205839,29.6781177638804,28.3273462198859,24.3608382129656,26.120444137136,66.8677576846711,26.3334517118248,26.1956397400971,25.0200443710874,0.414429530201342,0.681159420289855,0.347368421052632,0.270588235294118,0.912568306010929,0.716666666666667,0.385826771653543,0.454545454545455,0.16333118140736,0.411764705882353,0.942049981890619,0.821428571428571,776.631756756757,7.5,27.8885135135135,28.3817567567568,29.4864864864865,28.8513513513514,34.1148648648649,33.7601351351351,779.547297297297,29.8952702702703,30.6452702702703,30.4189189189189,-33722.1250000002,4396.5,3029.37500000003,2106.62500000002,100528.000000001,14766.4999999999,5423.24999999996,5837.62500000004,-6986.75000000007,4875.62500000003,256136.375000001,40686.4999999997,200.368243243243,51.5,36.1114864864865,27.6182432432432,1288.51351351351,185.148648648649,56.8851351351351,64.2398648648649,222.452702702703,59.1047297297297,2807.35472972973,448.581081081081,-93.6014537264546,22,17.4307635949203,13.1014647197534,432.285443338078,61.1906654553711,26.9649223691776,25.775900900901,-18.2731458612661,26.0172980357407,868.676647537951,160.347210113339,-31.6317567567568,18,16.6114864864865,12.6182432432432,317.013513513513,43.6486486486486,27.3851351351351,21.7398648648649,-16.5472972972973,24.1047297297297,470.85472972973,114.081081081081,977,59,64,56,1318,214,91,98,1002,89,2838,479,265,4,24,25,28,22,32,31,610,26,35,29,0,0,0,0,0,0,0,0,0,0,0,0,0,0,0,0,0,0,0,0,0,0,0,0,5
"468",2109,1054,82,36.5,39.25,28.75,57.25,52.75,46,53.5,85.5,45.5,78.25,62.75,88.25,10,7,7,6,8.5,8,8,9,10.5,8,10.5,9,10,7,7,6,8.5,8,8,9,10.5,8,10.5,9,10,6.5,6.5,5.5,8,8,6.5,7,10,7,9,8.5,0.913839126618785,0.95093725613365,0.798887388773988,0.700533054781689,0.724419055061604,0.761526912907695,0.842398656830033,0.859696024066921,0.871139646147356,0.865643894397006,0.849840997334799,0.87767770536974,0.960970918614879,0.914735312250023,0.959817248436878,0.857493338675877,0.905900841146748,0.954014486568703,0.809898477191404,0.793231770198596,0.954771882774587,0.871694493046003,0.87673136636259,0.93564851726799,11678.9999946356,1628.00001770258,1050.99999856949,851.99996638298,23886.9995536804,3300.00000953674,1008.00001430511,953,14394.9999985695,1012.00000303984,37765.9974212646,5959.99997234344,40.9361744406241,88.1188788402304,19.2192687038048,16.8691758379381,78.3849512342679,27.8721745424144,13.3730236371598,9.49483315737275,19.214828896728,19.4355836451175,29.5911732397079,18.210461530158,41.6107066956934,29.2024307196485,28.254529908057,30.0350445262583,30.0017292939742,28.5476944613886,24.8457184660231,25.4005556928882,56.7225074324284,27.4369348685454,25.8237092135651,25.2099697370415,0.536713286713287,0.753846153846154,0.347826086956522,0.272727272727273,0.888372093023256,0.705357142857143,0.378151260504202,0.447154471544715,0.262861169837914,0.378151260504202,0.921202274573517,0.793684210526316,774.091463414634,4.93292682926829,27.5274390243902,28.5182926829268,29.1524390243902,27.8109756097561,31.4756097560976,30.875,776.512195121951,32.6951219512195,31.1036585365854,30.2530487804878,-28470.2865853661,3786.67682926832,2515.81402439023,1692.04268292683,82584.189024391,11842.725609756,4272.10975609755,4765.125,-6493.80487804886,3918.62195121954,198110.408536584,32652.673780488,139.908536585366,57.0670731707317,41.4725609756098,30.4817073170732,1357.84756097561,181.189024390244,54.5243902439024,68.125,153.487804878049,58.3048780487805,2618.89634146341,432.746951219512,-87.5396341463422,25.2931005679921,14.4407138418517,12.1512725344645,349.659788049848,54.307507802566,20.8776511134676,20.7885514018692,-19.3426044786766,19.7993835432861,627.257363827629,125.611493052182,8.90853658536582,23.0670731707317,11.4725609756098,11.4817073170732,191.84756097561,35.1890243902439,17.5243902439024,15.125,9.48780487804879,14.8048780487805,307.896341463415,81.7469512195122,914,62,69,59,1387,209,86,99,930,91,2650,463,196,0,25,26,34,26,29,30,440,31,58,35,0,0,0,0,0,0,0,0,0,0,0,0,0,0,0,0,0,0,0,0,0,0,0,0,5
"531",3700,1849,97.5,63.25,36.25,0,78.75,56.75,52.25,50.5,101.75,48.5,87.75,73.75,102.5,11.5,9.5,7,0,10,8.5,8.5,8,11.5,7.5,10.5,9.5,11.5,9.5,7,0,10,8.5,8.5,8,11.5,7.5,10.5,9.5,11,8.5,6.5,0,9.5,8,8,7.5,11.5,7.5,10.5,9.5,0.896607331313737,0.727092079946822,0.906946913565171,0,0.805250930598723,0.872874948138136,0.832546911713581,0.911560131731792,0.932792278849963,0.880318872033652,0.880200401027798,0.816824326078321,0.954493457028006,0.884700150299621,0.93792035532977,0,0.937697305760823,0.891701944249818,0.933077503378545,0.922761206099929,0.942219157712705,0.943570492546197,0.99604543231747,0.930250735374342,27242.0003962517,3133,1625.99999916553,705.999997735023,8071.00006121397,3228.00004160404,1804.99997246265,891.999935567379,35995.000131011,1655.0000025034,10633.9999203682,3338.99998819828,69.2326308597444,199.742141543781,38.4302252350254,0,59.3642860090255,52.3370508054523,30.635766994098,9.97192972655923,44.8291260097897,28.8371256767285,27.678702177726,46.7405881834617,61.8089359964055,36.6334123379541,44.2570216080975,0,27.5079434880206,34.1083987817615,34.757357892534,28.0658788382705,66.455640422546,35.8969619212584,22.9863829588181,25.3897633997648,0.476491228070175,0.63265306122449,0.23943661971831,0,0.77257525083612,0.36,0.225806451612903,0.239130434782609,0.395539906103286,0.227272727272727,0.893591293833132,0.689655172413793,764.246875,7.046875,28.065625,28.50625,29.065625,28.503125,33.0375,32.528125,768.0375,31.159375,30.80625,30.675,-33475.2187500001,3812.78125,1121.09375000001,711.437499999995,30470.0937500002,4559.71874999996,2637.62500000002,2731.46875000002,-13949.3750000001,2129.65624999999,118458.437500001,21040.2500000002,598.753125,50.953125,19.934375,8.49375,269.934375,44.496875,25.9625,27.471875,768.9625,28.840625,783.19375,231.325,-86.0109775641027,14.4116230237154,6.38954741379312,0,95.9915178571433,20.2545842511012,12.383552631579,13.1649443069307,-34.2660012285015,10.9694909793815,336.119675925928,70.5555084745767,-69.746875,12.953125,5.934375,0,84.934375,19.496875,11.9625,12.471875,-41.0375,9.840625,275.19375,73.325,1363,58,48,37,299,73,59,60,1537,60,814,262,305,3,24,26,27,21,28,30,461,26,34,29,0,0,0,0,0,0,0,0,0,0,0,0,0,0,0,0,0,0,0,0,0,0,0,0,5
"510",10777,5388,91.25,37.25,39.25,0,75.5,67.25,45.75,61.5,93.25,40.5,71.25,83.25,95,11.5,7,7.5,0,10,9.5,8,9,11,7,9,10,11.5,7,7.5,0,10,9.5,8,9,11,7,9,10,10,6.5,6.5,0,9.5,9,7,8.5,10.5,7,9,10,0.892415529825412,0.836634423956467,0.78009069539774,0,0.857251516908582,0.85763483629166,0.938375470258711,0.893652362100868,0.93573642446565,0.873460563913526,0.953170561894942,0.892193044531133,0.884474672325144,0.859015420065357,0.815084819472974,0,0.929897525024787,0.899759091416929,0.8609991684101,0.966076403238527,0.95552404630599,0.957853187124385,0.978391815038008,0.960607403369758,16942.0000944138,974.000029325485,707.999982595444,645.00000166893,6515.00001335144,1068.00009155273,702.000009775162,390,18150.0000300407,632.999981641769,10118,1919.00004482269,43.0012733839272,89.2960346765131,13.5030936834088,0,17.6541469074429,16.21103919184,11.0988242801852,2.99717276804039,16.9336146903695,7.53119063510808,7.20802692096994,7.23073596943547,43.5745845375536,28.6380644368275,22.6232788519453,0,22.5387796808969,23.7631588289074,20.9546211871628,19.6529414641501,52.7957700401355,22.1707662524873,19.9763791486835,20.6974693723146,0.470967741935484,0.666666666666667,0.194805194805195,0,0.8176,0.525925925925926,0.212121212121212,0.25,0.304408677396781,0.204081632653061,0.812865497076023,0.691729323308271,771.766467065868,5.47619047619048,27.8869047619048,29.0357142857143,29.5744047619048,28.1071428571429,32.6964285714286,32,774.919642857143,33.7232142857143,31.202380952381,31.0267857142857,-29159.2574850297,3323.04761904764,1934.97619047618,1290.42857142858,60652.7261904756,8344.28571428567,3172.35714285716,3530,-7717.46428571436,2957.17857142859,151668.095238097,24530.8214285713,189.233532934132,35.5238095238095,20.1130952380952,12.9642857142857,587.425595238095,80.8928571428571,28.3035714285714,31,199.080357142857,25.2767857142857,1270.79761904762,201.973214285714,-80.3445492576485,21.9868967721317,10.4825219896876,0,195.912350204981,29.7292883696229,14.3254293520687,13.4146341463415,-20.7802326694755,14.9681437389771,508.601127819551,72.6338749463747,13.2335329341317,24.5238095238095,11.1130952380952,0,136.925595238095,21.8928571428571,13.3035714285714,12,8.08035714285711,15.2767857142857,421.797619047619,49.9732142857143,961,41,48,42,617,109,61,63,974,59,1302,233,266,1,24,26,37,27,31,30,432,31,62,35,0,0,0,0,0,0,0,0,0,0,0,0,0,0,0,0,0,0,0,0,0,0,0,0,5
"400",13665,6832,115.25,47.75,33.5,0,64.75,47.75,32,46.75,115.5,40.5,84.75,81.5,118,12.5,8,6.5,0,9,8,6.5,7.5,12,7,10.5,10.5,12.5,8,6.5,0,9,8,6.5,7.5,12,7,10.5,10.5,11.5,7.5,6.5,0,8.5,7.5,6,7.5,11.5,7,10,10,0.942980635571925,0.95668603715679,0.961937139677711,0,0.919023927235195,0.983184416305732,0.875427163617053,0.92948418553603,0.909574989211112,0.906323437608889,0.947681270367363,0.880508029617489,0.92007101856235,0.959953967761142,0.934753345575428,0,0.887611595582057,0.904264228394251,0.912589198149954,0.954057737307713,0.955417256836748,0.966989159367677,0.944437522944289,0.972081898174315,22868.9997894764,1516.00000369549,906.99999588728,907.000000357628,7458.99970018864,1686.00000083447,1262.99996185303,506.999986052513,25277.9999933243,947.000008642673,13134.0000305176,2490.00029742718,48.6502986493606,98.6817325800377,13.3989227279635,0,44.8311918290904,22.5213004959518,12.6418707144615,4.67687600445049,19.8501747017517,14.5578342594282,11.3947471010695,11.5832688973029,40.6160605354103,26.1055611885846,24.0454641894129,0,26.3694635187512,27.0426397403523,24.8296735609671,21.5961510589461,50.5920703153216,25.3368541267048,21.2897639606862,21.2753844005988,0.494596841230258,0.620689655172414,0.135135135135135,0,0.744791666666667,0.394495412844037,0.191489361702128,0.234042553191489,0.348017621145374,0.222222222222222,0.858742463393626,0.657894736842105,763.829268292683,7.01524390243902,27.9542682926829,28.8719512195122,29.2957317073171,28.8353658536585,33.2743902439024,32.5731707317073,768.713414634146,31.4390243902439,30.609756097561,30.5579268292683,-39229.4146341466,4186.8048780488,1277.58536585367,714.439024390243,29423.4146341466,4225.70731707315,2532.48780487806,2753.46341463416,-14696.7317073171,2181.78048780486,122634.195121951,19708.6585365855,181.170731707317,48.984756097561,17.0457317073171,10.1280487804878,386.704268292683,49.1646341463415,23.7256097560976,27.4268292682927,191.286585365854,26.5609756097561,1133.39024390244,185.442073170732,-85.3737368393212,22.6234995530583,8.3517018565708,0,107.457164045579,21.8557336227813,13.1865472560976,12.4856527977045,-32.0251029458347,12.5115928937067,349.233901719548,58.3439136615296,17.170731707317,22.984756097561,8.04573170731707,0,75.7042682926829,19.1646341463415,12.7256097560976,10.4268292682927,12.2865853658536,12.5609756097561,242.390243902439,41.9420731707317,945,56,45,39,416,78,57,60,960,58,1164,216,227,1,23,26,29,16,31,31,352,25,45,30,0,0,0,0,0,0,0,0,0,0,0,0,0,0,0,0,0,0,0,0,0,0,0,0,5
"451",8711,4355,91,32.25,28.25,29,54.5,50.5,33.5,46.25,96,31.25,76,63.75,96.5,11,6,6,6.5,8.5,8,7,7.5,11.5,6.5,10,9,11,6,6,6.5,8.5,8,7,7.5,11.5,6.5,10,9,10.5,6,6,5.5,8,7.5,6.5,7.5,10.5,6,9.5,9,0.855680282883722,0.921304345179085,0.931922737674276,0.902707962860172,0.883935688659444,0.956200306197865,0.954534357643351,0.977694325105568,0.786400491702288,0.905998353755465,0.934393420294128,0.917554211336709,0.955411418388357,0.92671203661307,0.964162099002631,0.857981982340554,0.922648545322101,0.906037493210001,0.955714180596327,0.92115205437379,0.88539000378961,0.867080456575036,0.932367633424486,0.934844513272136,14792.9999570847,990.999981045723,820.999995708466,731.000024795532,11085.999212265,1576.00000047684,976.000034332275,473.999997615814,14817.0001782775,735.000001370907,13596.0000152588,2379.00000429153,30.8192257585259,57.4443944169293,11.2247332530642,10.8014116467283,30.1712725445101,15.711326291509,8.93783873501678,3.69643449696851,12.2975929966383,10.3136196987526,14.1082398562236,9.5878614876148,41.7130061929775,29.1463842786849,24.7365543473362,26.8455329720246,26.6450019686905,26.2349965450372,26.6116964863166,23.5749872385528,48.1892092746913,26.3974111505179,23.7925653064609,23.8450868406863,0.548709408825978,0.584905660377358,0.209876543209877,0.173333333333333,0.833759590792839,0.564102564102564,0.244897959183673,0.237113402061856,0.33381398702235,0.230769230769231,0.887978142076503,0.700348432055749,771.779141104294,7.3719512195122,27.8810975609756,28.4878048780488,29.6493902439024,28.905487804878,34.6006097560976,33.8810975609756,773.823170731707,30.9451219512195,30.7469512195122,30.9817073170732,-25339.7484662574,2500.42682926831,1526.89634146342,1111.70731707317,50815.3353658535,7267.48170731703,2213.16463414634,2363.89634146339,-8164.74390243914,2050.18292682926,120062.676829269,18602.0609756097,192.220858895706,35.6280487804878,23.1189024390244,15.5121951219512,763.350609756098,99.094512195122,29.3993902439024,29.1189024390244,177.176829268293,27.0548780487805,1457.25304878049,227.018292682927,-70.0950751702278,20.271459633201,11.7560705806173,7.96909167367535,221.185472141418,33.9806508089832,12.6158081543502,11.4540375741595,-21.3335873983743,14.5348780487805,386.026075096279,69.8771162123386,15.2208588957055,19.6280487804878,11.1189024390244,7.51219512195122,137.850609756098,23.594512195122,12.3993902439024,10.1189024390244,10.1768292682926,14.0548780487805,211.753048780488,45.0182926829268,964,43,51,44,793,128,64,63,951,58,1488,258,222,1,23,25,31,23,31,33,331,27,41,32,0,0,0,0,0,0,0,0,0,0,0,0,0,0,0,0,0,0,0,0,0,0,0,0,5
"477",18062,9030,142.75,61,68,61.75,95.75,108.5,98.75,110.5,145.5,77.25,130.25,117,150,17.5,9,9.5,9,11,12,11.5,12,15.5,10.5,12.5,12.5,17.5,9,9.5,9,11,12,11.5,12,15.5,10.5,12.5,12.5,12,8.5,9,8.5,10.5,11.5,10.5,11.5,14.5,9,12.5,12,0.984855242558186,0.924077772143479,0.919175011651559,0.930827715169027,0.96708074316711,0.965119749988178,0.956457220016881,0.929425446314608,0.888452385418112,0.939911775720629,0.967891448831069,0.929689283518002,0.780233508604569,0.977709265181665,0.987391296521966,0.950197211606982,0.968647025710311,0.952382209140271,0.891928912771471,0.938939174318245,0.828505182211277,0.854584123111157,0.953695159862939,0.945192824559145,28549.0005266666,1521.99999964237,1065.00001835823,1059.99999731779,14919.9990019798,2148.99999654293,1463.00006878376,761.999998092651,41584.9999312162,1265.99985802174,21789.9979462624,6136.999792099,35.3507437323808,41.269199795007,10.5516841113545,9.74356552042659,11.4467323549987,9.55538389740091,12.1003176664114,4.48475174960569,22.2456787780009,11.906448129762,5.17315230645605,11.4792103833814,38.0564086968205,23.8909755861278,19.6667213562583,20.06542461879,18.703456195729,19.0775013415974,19.2487839624208,17.2758747786345,49.4271061575734,20.0516196759082,16.8267870856438,17.8705593660997,0.610589239965841,0.636363636363636,0.28735632183908,0.2,0.793236714975845,0.630769230769231,0.333333333333333,0.372881355932203,0.428778018799711,0.339449541284404,0.87105380168964,0.770833333333333,773.384803921569,6.88480392156863,27.296568627451,28.1200980392157,29.1176470588235,28.2573529411765,33.8382352941176,33.2450980392157,775.933497536946,30.5563725490196,30.8504901960784,30.3088235294118,-60501.8823529405,7054.1176470587,4627.05882352938,3178.94117647064,153859.411764705,22852.5882352945,8364.05882352938,8653.94117647065,-13352.0985221674,7521.17647058835,398618.705882351,69136.7058823525,243.615196078431,50.1151960784314,30.703431372549,21.8799019607843,976.882352941176,148.742647058824,48.1617647058824,52.7549019607843,249.066502463054,47.4436274509804,2227.14950980392,454.691176470588,-106.530162940832,28.3897862423656,15.1372549019607,10.9001448757641,381.219167562585,50.8325088099761,19.7263216679075,18.9313725490196,-22.9249064716536,21.796378260042,757.045862970904,144.161261940673,13.6151960784314,30.1151960784314,14.703431372549,10.8799019607843,330.882352941176,40.2426470588235,17.1617647058824,15.7549019607843,13.0665024630542,22.4436274509804,539.149509803922,102.691176470588,1017,57,58,50,1006,177,82,86,1025,78,2258,485,164,2,24,25,27,27,30,30,337,27,33,29,0,0,0,0,0,0,0,0,0,0,0,0,0,0,0,0,0,0,0,0,0,0,0,0,5
"441",1794,896,185.75,71.5,57.25,0,107.75,79,52.75,85.75,195.25,65.75,107.5,99.75,198.25,16,10.5,10.5,0,12.5,10.5,8.5,11,15.5,10,12.5,12,16,10.5,10.5,0,12.5,10.5,8.5,11,15.5,10,12.5,12,15,9,7.5,0,11,9.5,7.5,9.5,15.5,8,10.5,10.5,0.69396199324827,0.615594372286834,0.706859247235303,0,0.705287596694408,0.682179989886539,0.817033561068556,0.785624548694394,0.713583042161327,0.697008345968859,0.735273120324399,0.738120517052119,0.956529252534816,0.78236649055616,0.746488505930446,0,0.825528830458706,0.856919419010664,0.784460595147524,0.883652901369387,0.935128180915508,0.76135803549295,0.844145523845496,0.84224576831525,32499.9992693663,2272.99999725819,1459.00002396107,1455.99997961521,5059.9995508194,2463.00007390976,1531,716.999976873398,36500.9999957085,1540.99999284744,10362.9999523163,5158.00001955032,25.6187868786118,62.8594890510949,12.1643141267593,0,13.5301360925627,17.6707378327334,8.10634224745676,3.25029253064555,11.8902142343582,9.91648609698376,4.49114661258631,43.8043737951843,35.8443176056751,24.9263333213458,21.6937622158793,0,19.6488828801574,23.9980389510533,19.1473888821756,17.0099549045916,42.8684551808692,21.2117935401007,16.4348322914287,23.2980673646392,0.562822719449225,0.671641791044776,0.154929577464789,0,0.748031496062992,0.418181818181818,0.173913043478261,0.217391304347826,0.385294117647059,0.204545454545455,0.770954356846473,0.691842900302115,767.417874396135,7.02884615384615,27.8100961538462,28.9134615384615,29.4423076923077,28.7235576923077,33.34375,32.7860576923077,771.275362318841,30.9519230769231,30.6177884615385,30.7908653846154,-62478.3743961365,6932.12500000016,2233.59374999998,1111.62500000002,48297.2500000009,7169.21875000004,4108.40625,4640.65625000004,-24049.3623188404,3773.12500000009,201090.093750003,37724.8437499993,233.582125603865,56.9711538461538,16.1899038461538,11.0865384615385,369.557692307692,55.2764423076923,21.65625,26.2139423076923,231.724637681159,24.0480769230769,1159.38221153846,390.209134615385,-84.7879955266887,24.5166083916086,7.96282961034596,0,104.926601820454,21.3302397760468,13.1064869668246,11.858257176497,-30.9104455454729,11.9796358584382,427.761281305907,86.5274303547322,18.5821256038647,24.9711538461538,7.18990384615385,0,79.5576923076923,20.2764423076923,12.65625,11.2139423076923,15.7246376811594,12.0480769230769,354.882211538462,69.2091346153846,1001,64,44,40,399,84,55,59,1003,55,1190,421,205,2,24,25,29,21,29,30,327,27,41,32,0,0,0,0,0,0,0,0,0,0,0,0,0,0,0,0,0,0,0,0,0,0,0,0,5
"460",5053,2526,93.5,45.25,40,34.25,61.75,56.25,48.75,56.25,84.5,44.5,75,67.75,95,12,8,7,6.5,9,8.5,8,8.5,11,8,10,9.5,12,8,7,6.5,9,8.5,8,8.5,11,8,10,9.5,10,7.5,7,6,8.5,8,7,8.5,9.5,7.5,9.5,9,0.888726728238741,0.859259299950694,0.789285764898198,0.800728740372678,0.808398409067584,0.799213594629919,0.829969001691016,0.804570705863753,0.903856783823332,0.786525680750868,0.838554888205191,0.8326104110919,0.781762823730625,0.94543268022319,0.953824917671062,0.885205738895038,0.93192465678581,0.967666405882319,0.888123473302593,0.942585052301486,0.823497304887888,0.950270125177577,0.946742740273678,0.972398600400962,9199.00024104118,1601.99998098612,1195,936.000030577183,32981.00004673,4814.0001565218,1326.99997729063,1207.99999666214,14743.0000810623,1717.99989056587,54435.0013999939,8069.99913012981,23.7670638797947,93.2074489618877,22.2625499517813,17.58360720786,124.079062414442,55.147977374283,17.6549850897728,15.4939093456272,15.608160634901,19.9621763118157,56.7145634997417,39.1092764048415,38.1037407321513,28.842112089868,29.4679104212032,29.0320417205459,31.9750883704505,30.363343102129,27.7142406886571,27.6705620961887,66.0374604002104,29.1711197425318,27.8669305530504,26.7093922103449,0.353535353535354,0.714285714285714,0.304347826086957,0.204819277108434,0.909510618651893,0.682692307692308,0.388429752066116,0.451612903225806,0.231552162849873,0.394957983193277,0.939112050739958,0.824719101123595,773.2625,5.434375,27.6875,28.846875,29.48125,28.165625,32.809375,31.85625,775.284375,32.634375,31.090625,30.60625,-33844.75,4330.93750000003,2856.75,1865.18750000001,88363.1250000004,13028.0625000001,4732.43750000003,5360.62500000003,-7053.06250000004,4472.93750000002,223540.562499999,37510.6250000002,206.7375,58.565625,37.3125,23.153125,1084.51875,159.834375,53.190625,61.14375,333.715625,53.365625,2541.909375,410.39375,-90.7304144385026,22.6982216850829,16.56875,11.9998403284672,352.373001012147,57.1454861111113,23.2470352564103,23.2859722222223,-21.0417714497042,24.2925912921348,738.19270833333,136.58932195572,-37.7625,22.565625,16.3125,11.153125,256.51875,45.834375,19.190625,20.14375,-14.784375,22.365625,387.909375,94.39375,980,64,65,52,1114,188,86,93,1109,86,2573,441,275,2,26,26,30,22,30,29,476,29,37,31,0,0,0,0,0,0,0,0,0,0,0,0,0,0,0,0,0,0,0,0,0,0,0,0,5
"522",15837,7918,99,29.75,32,25.25,73,56.5,42.25,56.25,99.5,36.5,80.75,84.5,102.25,11.5,6.5,6.5,6,9.5,9,8,9,12,7.5,11,11,11.5,6.5,6.5,6,9.5,9,8,9,12,7.5,11,11,11,5.5,6,5.5,9.5,8,6.5,8,10.5,6,9.5,9.5,0.891677269979763,0.828164176263998,0.86042363964935,0.894615692359857,0.926010488894707,0.906222715626654,0.868161288523592,0.833385478013542,0.85669625054639,0.78534405841676,0.845569625804181,0.841728308594298,0.781458506315381,0.805717680565049,0.850653946132109,0.851508376678873,0.971626833578786,0.874517632610504,0.799213631925671,0.829094735208955,0.789132817705537,0.718084533149225,0.878675736177702,0.881487477076877,19399.9998269081,1026.99999070168,855.999999523163,756.000009059906,4181.99999809265,1175.00001686811,1078.99998092651,572.999961495399,19622.9998786449,969.999997377396,9135,1777.00027275085,28.9096185533435,75.2522185894442,12.6541199251738,12.1374804944899,9.60226210668301,15.8974197863938,10.5418868013931,5.66192547089021,15.8970851836169,13.0728318602948,6.40748412811382,5.29393412198682,44.0338693667129,29.1223653123217,25.7827248876419,25.581474558832,22.360033929711,24.5471160311738,23.333903445078,22.0078019392306,51.3715466684294,27.0312912525709,20.5395089899259,21.0492113356274,0.547854785478548,0.551020408163265,0.189189189189189,0.126760563380282,0.798882681564246,0.488,0.186813186813187,0.222222222222222,0.39344262295082,0.195402298850575,0.826825127334465,0.659574468085106,772.559523809524,6.30952380952381,27.4761904761905,28.3452380952381,28.7440476190476,28.3244047619048,33.7172619047619,32.5744047619048,774.785714285714,31.3511904761905,30.8125,30.6488095238095,-21519.845238095,2238.40476190475,1277.23809523811,923.797619047624,45518.68452381,6435.31845238099,2381.63988095237,2548.06845238097,-5233.35714285722,2132.36309523812,118450.6875,18160.636904762,182.440476190476,32.6904761904762,17.5238095238095,13.6547619047619,497.255952380952,68.6755952380952,23.2827380952381,24.4255952380952,190.214285714286,22.6488095238095,1109.1875,170.35119047619,-54.5670995670991,19.3375350140056,8.45349702380953,6.57555398396984,150.550472928899,26.2463916982723,10.7206079177233,10.163373015873,-13.4188801148602,12.224151989563,354.952205882353,52.5020780501552,12.4404761904761,20.6904761904762,7.52380952380953,6.65476190476191,94.2559523809524,19.1755952380952,10.2827380952381,8.42559523809524,12.7142857142857,12.6488095238095,233.1875,32.3511904761905,955,39,45,42,526,97,57,57,965,54,1140,201,244,1,23,26,28,25,30,29,320,28,42,31,0,0,0,0,0,0,0,0,0,0,0,0,0,0,0,0,0,0,0,0,0,0,0,0,5
"387",3294,1646,126.5,55,41.5,0,72,60.25,52.25,59.5,126.25,53.75,89.5,86.75,129.25,13,9,8,0,10,9.5,8.5,9,12.5,8.5,10.5,10.5,13,9,8,0,10,9.5,8.5,9,12.5,8.5,10.5,10.5,12.5,8,7,0,9,8.5,8,8,12.5,8,10.5,10.5,0.967334515735618,0.904621499551051,0.843748762074231,0,0.753306504148787,0.809779681236307,0.706961626627269,0.76785164666331,0.987528973546764,0.766987994420411,0.774873314549707,0.950185917884433,0.971290342569928,0.950155425510163,0.84311333665125,0,0.857800673403107,0.87867359010613,0.868492044540176,0.921689014233424,0.97811939123079,0.975692471776975,0.957792292576257,0.939693910124192,16850.9995799065,1608.00003910065,1523.00000238419,1083.99999010563,8806.99988889694,1759.00001746416,2088.99991685152,1557.00000393391,38490.0000600815,1703.00005298853,47843.9998912811,5490.00014090538,23.8318148645875,80.4848229896541,28.5458165536005,0,41.7925144964253,24.1780382818939,30.0784796086244,19.4795776161521,34.1552507945451,21.4608606859547,56.3066112675606,26.4890795439128,42.7143821168587,24.5603718475156,31.8505155474488,0,25.2971958619451,26.1542139747137,30.9394390470932,29.0333008190909,64.5240740028076,27.9846477334662,27.6055588258524,23.6005161735493,0.345394736842105,0.584905660377358,0.226666666666667,0,0.813559322033898,0.456140350877193,0.426229508196721,0.444444444444444,0.360799001248439,0.355932203389831,0.942934782608696,0.777777777777778,763.429577464789,5.69444444444444,28.2118055555556,29.3263888888889,29.4409722222222,28.1770833333333,31.8229166666667,31.4722222222222,767.791666666667,33.7708333333333,31.3888888888889,30.9027777777778,-43120.091549296,4866.97222222226,1599.49652777776,959.256944444436,39625.0173611115,5587.44791666672,4900.55208333329,5292.86111111105,-10932.2916666667,4323.47916666668,212649.944444447,32506.263888889,247.570422535211,42.3055555555556,19.7881944444444,10.6736111111111,446.559027777778,65.8229166666667,65.1770833333333,65.5277777777778,638.208333333333,54.2291666666667,2488.61111111111,304.097222222222,-85.1647553304018,18.9328282828283,8.1134956492637,0,133.635416666667,22.0926262102352,21.6986144338118,21.2798786181138,-21.6748349834984,18.9128875968992,587.95468653011,92.6274815882168,-58.4295774647887,19.3055555555556,7.78819444444444,0,96.0590277777778,16.8229166666667,18.1770833333333,15.5277777777778,-24.7916666666666,14.2291666666667,339.611111111111,64.0972222222222,1011,48,48,40,476,94,97,97,1406,88,2520,335,218,2,25,25,27,21,27,29,396,30,34,30,0,0,0,0,0,0,0,0,0,0,0,0,0,0,0,0,0,0,0,0,0,0,0,0,5
"495",18008,9003,125.5,47.75,33.5,0,65,54.75,37.25,46.5,104.75,39.75,78,69.5,128.75,13.5,7.5,6.5,0,9.5,9,7,8,14,7.5,10,9.5,17,7.5,6.5,0,9.5,9,7,8,14,7.5,10,9.5,12.5,7.5,6,0,8.5,7.5,6.5,7.5,11,6.5,9.5,9.5,0.885963568506772,0.773768915445899,0.850454664726436,0,0.804809943799643,0.846638112252552,0.800837651637239,0.876524120831303,0.927177212811739,0.92215392090197,0.865444819944607,0.944320032109686,0.618430233003114,0.905173863076368,0.917382749905292,0,0.881579745700368,0.867429763694673,0.891643255376418,0.919102925895453,0.76822806799973,0.887004659349863,0.948791798977109,0.962871029931241,19618.0001635551,2052.99999451637,1263,1075.99999654293,8307.99972784519,1641,1521.00006139278,779.00000166893,16197.999900341,1226.00004208088,17298.0000405312,3036.00003838539,25.3659293359555,191.947266443234,24.35018477914,0,36.1470710691177,21.2635737159071,41.4448510542414,8.49402047180678,20.8412322381032,19.5215621666626,19.7612137224746,18.7904338061576,59.434403040934,31.3624960578062,28.8247501450984,0,25.8846133377444,26.3421523704676,29.7303594175861,25.0435757220111,57.0470588010801,26.8157592036617,24.0509103918603,23.8918908879121,0.318149466192171,0.581395348837209,0.25,0,0.870662460567823,0.547445255474453,0.350877192982456,0.357798165137615,0.34021801491681,0.314814814814815,0.945670628183362,0.789173789173789,773.457446808511,5.28819444444444,27.78125,28.6527777777778,29.0104166666667,27.875,32.5520833333333,31.5798611111111,775.427083333333,32.3958333333333,30.8993055555556,30.4652777777778,-22089.5851063832,2788.57986111114,1601.65625,1051.81944444443,50022.6354166672,7044.375,3190.67708333329,3742.37152777772,-4050.94791666667,3512.14583333329,169956.857638887,28594.3819444446,465.542553191489,31.7118055555556,23.21875,13.3472222222222,634.989583333333,88.125,53.4479166666667,45.4201388888889,504.572916666667,40.6041666666667,1766.10069444444,321.534722222222,-43.9215902348058,13.5076170738802,9.96501865671642,0,189.920352564103,32.2391552511416,22.7901985458613,20.3394937275985,-10.4581095863167,19.8997641509434,541.844284188031,102.085081934453,-16.4574468085107,12.7118055555556,8.21875,0,125.489583333333,25.125,22.4479166666667,17.4201388888889,-17.4270833333334,17.6041666666667,293.100694444444,71.5347222222222,1239,37,51,42,664,116,86,77,1280,73,1797,352,373,-3,23,26,25,23,26,28,497,29,29,28,0,0,0,0,0,0,0,0,0,0,0,0,0,0,0,0,0,0,0,0,0,0,0,0,5
"433",4161,2080,121.5,75.75,67.75,59.75,91.25,81.75,64.25,73.75,117.5,65,98.25,88.25,123,13,10,9,8.5,10.5,10.5,9,10,12.5,9.5,11,11,13,10,9,8.5,10.5,10.5,9,10,12.5,9.5,11,11,11.5,9.5,9,8.5,10.5,10,8.5,9.5,11.5,8.5,11,10,0.883125068365013,0.949757301848455,0.952938918930833,0.934658029298128,0.921907214778978,0.938098802033555,0.967391257120351,0.900929273508577,0.841262016826826,0.893554693076094,0.950099551137976,0.959782688776121,0.883185654199377,0.915949397815019,0.920652175597869,0.978251554215858,0.95695268460599,0.941392082205652,0.958778122979592,0.966824179283999,0.888774661984092,0.935346584169444,0.970898524072323,0.932312486106229,8591.0000064373,1568.00000280142,1458.99999821186,1091.00006961823,33989.9999880791,5146.99956607819,1657.00001507998,1719.99993133545,27331.0002217293,1870.99986302853,53472.0002231598,8989.0000628233,15.9843995585315,60.9920846335338,23.6340281584053,14.9780197996712,57.1723363380463,38.5328347168379,31.4654723645547,21.7509575428038,26.0348253481575,29.7591550937732,47.5491614962257,31.4705741905097,27.8231564723558,22.7198333306346,25.7524995646312,25.3296295500833,25.7611817793538,25.9307254033903,26.1443285847227,25.668474898841,62.3429051004274,26.6465452924777,24.9255683643336,24.0120336253498,0.295,0.714285714285714,0.354838709677419,0.247058823529412,0.923515052888527,0.721739130434783,0.454545454545455,0.492537313432836,0.256105197244834,0.450381679389313,0.953216374269006,0.852830188679245,771.75641025641,5.11217948717949,27.5608974358974,28.6442307692308,29.4615384615385,28.0448717948718,32.7628205128205,31.7051282051282,776.099358974359,32.9615384615385,31.7307692307692,30.7211538461538,-56374.1538461546,7563.80769230764,5108.03846153845,3386.03846153843,165053.923076925,24134.9230769233,8408.69230769237,9272.07692307687,-12764.8846153848,7792.92307692315,388652.461538464,65501.1923076918,11.2435897435897,52.8878205128205,38.4391025641026,28.3557692307692,1349.53846153846,202.955128205128,79.2371794871795,75.2948717948718,481.900641025641,77.0384615384615,3136.26923076923,534.278846153846,-115.982747704971,24.1419459253617,18.284121014287,13.3181123270035,449.231612223397,73.3893789696546,32.2449615883469,31.125380269448,-27.1227632296784,29.823076923077,983.785770209439,183.876579864893,-89.7564102564103,25.8878205128205,19.4391025641026,13.3557692307692,421.538461538462,78.9551282051282,35.2371794871795,34.2948717948718,-21.099358974359,32.0384615384615,783.269230769231,181.278846153846,783,58,66,57,1379,231,112,107,1258,110,3168,565,342,1,23,25,30,23,29,29,530,27,41,30,0,0,0,0,0,0,0,0,0,0,0,0,0,0,0,0,0,0,0,0,0,0,0,0,5
"442",6182,3090,106.25,48.25,26.5,0,65,48.25,41.75,49.25,102.25,36.75,76.75,65.5,111.75,12,7.5,6.5,0,10,8,7.5,8.5,11.5,7,10,9.5,12,7.5,6.5,0,10,8,7.5,8.5,11.5,7,10,9.5,11,7.5,6,0,8.5,7.5,7,7.5,11,7,9.5,9,0.984624098123332,0.792808844864546,0.575870116249441,0,0.613090030028085,0.767223312536856,0.714278990085701,0.711160436355725,0.927437961722445,0.721644564664923,0.69891741194855,0.766991319087294,0.890993819520535,0.97354529645668,0.660163821618551,0,0.825057292002535,0.839715390184081,0.860791654533595,0.830076718627364,0.925623619371441,0.755833993740293,0.895549468519341,0.908486425604313,27521.9999899864,2158.99999690056,1222.99998837709,1045.99999666214,7625.99977338314,2988,1317,525.000033438206,33468.0000680685,1291.99995571375,13991.0002996325,4924.00003957748,34.5561584799453,145.314520209118,25.1162757416603,0,70.8992806228378,45.3793038696812,21.8988136150375,5.68478062201187,28.4786433633547,15.2029989543437,34.1492031992273,101.642533795269,56.4423175923482,31.1021336884907,31.8262305098523,0,31.3713250596588,35.9967686900225,31.2380066508667,24.5645215538264,61.5559502404097,32.6286371251682,25.6082643391598,32.5138934790904,0.395562356541699,0.639344262295082,0.162162162162162,0,0.815384615384615,0.431192660550459,0.234042553191489,0.239130434782609,0.390228818800247,0.216494845360825,0.911069063386944,0.770186335403727,763.15,5.5875,28.01875,28.9,29.371875,28.0625,32.15625,31.471875,767.865625,33.590625,31.3875,30.753125,-29722.0500000003,3867.38749999997,1268.61875000001,753.700000000006,25904.7718749998,3906.0625,2506.15625,2886.07187499997,-9540.93437500012,2108.99062500001,108600.787500001,20925.3531250002,448.85,54.4125,14.98125,9.1,389.628125,57.9375,30.84375,27.528125,630.134375,28.409375,1151.6125,383.246875,-69.9688235294124,18.4073186528497,8.16992924528303,0,98.0742788461535,20.7198834196891,14.3886601796407,13.9900539340101,-22.4401971271396,13.5590348639455,349.889372964171,78.4224475190843,-29.15,18.4125,7.98125,0,87.128125,17.9375,14.84375,15.528125,-17.865625,13.409375,245.6125,68.746875,1212,60,43,38,419,86,63,59,1398,62,1183,414,308,2,24,26,26,19,29,29,450,30,31,30,0,0,0,0,0,0,0,0,0,0,0,0,0,0,0,0,0,0,0,0,0,0,0,0,5
"4428",1468,733,251,129.5,163.75,134.25,188.25,182.75,212.75,226.75,266.75,177.75,266.25,181.75,276.75,18.5,14,15.5,14,16,15.5,16.5,17,19,15.5,18.5,15.5,18.5,14,15.5,14,16,15.5,16.5,17,19,15.5,18.5,15.5,17,13,14,13,15,15,16.5,17,18,15,18,15,0.932259118193163,0.925753653920237,0.926623329439825,0.90981010225704,0.915707307009592,0.90799905334259,0.934836386107298,0.938334658283169,0.954488426584191,0.937653936985947,0.944701763421434,0.954079968080877,0.94086188019853,0.945353966324477,0.928052155305643,0.898976555400192,0.938501964885929,0.937094878225244,0.947512522350853,0.977365696352642,0.931854430760529,0.929385573267325,0.979850949397649,0.955404561562963,45565.9999761581,2602.99998641014,1930.99999976158,1916.99993300438,27766.0001029968,4638.00044929981,1509.99998807907,1267.99998164177,60187,1614.00003838539,46715.0067138672,8651,22.9757238501458,31.4935381390349,9.45074232638689,10.0678120914608,6.92708296845623,6.75233805685037,4.16271567239977,1.99757801444479,12.0525697447992,4.13711111163393,2.66947250350631,2.89906653656197,32.1027100685806,19.4936279789237,16.0656013148465,16.932933254666,15.389917755338,15.5541881592482,13.5518295258665,13.1021978831098,42.5082042198401,14.3734796686943,13.3745959566782,13.2748428437601,0.593481989708405,0.696969696969697,0.333333333333333,0.238095238095238,0.805243445692884,0.630522088353414,0.390625,0.417322834645669,0.382183908045977,0.370967741935484,0.89443447037702,0.692844677137871,767.588461538462,6.2,27.4846153846154,28.5673076923077,29.6634615384615,28.2807692307692,33.3730769230769,32.4307692307692,767.375,32.6942307692308,32.2769230769231,31.2269230769231,-123439.426923074,15164.5999999997,11306.5307692306,7801.99038461544,393366.548076931,58791.1884615389,22047.0038461545,22960.1384615382,-27601.125,19460.4865384616,1028303.44615383,172937.796153845,234.411538461538,53.8,41.5153846153846,28.4326923076923,1448.33653846154,212.719230769231,63.6269230769231,65.5692307692308,363.625,57.3057692307692,2976.72307692308,495.773076923077,-124.091449586268,28.1880308880306,15.8894304169112,12.5425619538749,496.976644703244,75.8628696201203,24.8407891168766,24.6651513866507,-26.3037722586692,25.4829844206425,961.992560491136,222.470463443022,17.4115384615385,30.8,14.5153846153846,12.4326923076923,427.336538461538,67.7192307692308,21.6269230769231,20.5692307692308,22.625,24.3057692307692,666.723076923077,206.773076923077,1002,60,69,57,1478,241,97,98,1131,90,3009,527,207,0,25,24,39,28,32,32,370,30,78,39,0,0,0,0,0,0,0,0,0,0,0,0,0,0,0,0,0,0,0,0,0,0,0,0,0
"536",19483,9741,114.25,48.25,35.25,0,76.5,55.25,53,61.75,123,50.75,88.25,78.75,123.25,12.5,8,6.5,0,10,8.5,8.5,8.5,12.5,8.5,10,10,12.5,8,6.5,0,10,8.5,8.5,8.5,12.5,8.5,10,10,11.5,7,6.5,0,9.5,8,8,8.5,12.5,8,10,9.5,0.734591952591124,0.738768184914751,0.974395060051158,0,0.986600526247575,0.945059786191466,0.897362065394641,0.928979206838634,0.769881650358469,0.897999211892639,0.914921407961207,0.820283228131954,0.947224862258785,0.899293068347696,0.952792906808795,0,0.946202611931701,0.958016767634789,0.887574490974124,0.978080464103834,0.978245151690527,0.936554644357772,0.973082199423617,0.946383381009298,23784.999474287,1504.99992024899,984.000000536442,913,6471.00025963783,1613.99994361401,765.000014841557,615.000001490116,26832.999900043,938.000019073486,14612.0001373291,4057.00003802776,42.4372970737662,99.2088769609666,14.5610702341137,0,33.3846151819422,20.8787641800584,8.02680787760745,5.00502697966149,21.0891729517877,10.3557223761734,9.92090183492745,27.4048607353402,41.6963589794576,26.6188499869336,24.4282637997758,0,24.0875527569864,26.0059251552907,20.4750135825888,20.0108898456042,55.6860050134636,23.8168033725982,20.1693804532928,22.87644005456,0.496234309623431,0.586206896551724,0.135135135135135,0,0.764075067024129,0.40952380952381,0.242105263157895,0.278350515463918,0.327407407407407,0.26530612244898,0.870165745856354,0.703703703703704,765.203804347826,6.05163043478261,27.945652173913,28.75,28.7717391304348,28.2472826086957,31.9510869565217,31.3885869565217,769.258152173913,31.7826086956522,30.491847826087,30.1521739130435,-38830.4755434781,4503.54619565214,1464.79347826088,849.25,35647.5326086958,5081.08967391301,3681.11413043483,4076.42663043483,-11337.2690217389,3189.1739130435,171216.519021741,28552.9782608694,199.796195652174,45.9483695652174,16.054347826087,10.25,335.228260869565,48.7527173913043,32.0489130434783,32.6114130434783,191.741847826087,34.2173913043478,1519.50815217391,298.847826086957,-86.195051612596,23.559768528948,8.34512796793095,0,111.610613810742,22.3997762148337,13.9970262510255,14.8016964442881,-23.0630302226931,14.2124651959735,467.686622428874,86.4763975155277,6.79619565217388,24.9483695652174,8.05434782608696,0,87.7282608695652,22.7527173913043,13.0489130434783,13.6114130434783,8.741847826087,14.2173913043478,346.508152173913,67.8478260869565,965,52,44,39,364,77,64,64,961,66,1550,329,257,1,23,25,30,20,30,29,410,28,49,32,0,0,0,0,0,0,0,0,0,0,0,0,0,0,0,0,0,0,0,0,0,0,0,0,5
"4426",16955,8477,165,93.75,49.25,45.75,70.75,69.25,80.5,81.5,149.25,79.5,110.5,104,167,16.5,11,8.5,7.5,10,10,10,10,14,10.5,11.5,12,16.5,11,9,7.5,10,10,10,10,14,10.5,11.5,12,13,10.5,7.5,7.5,9,8.5,10,10,13.5,10,11.5,11,0.902725767323015,0.753730822212716,0.724465835931688,0.700271270270037,0.657866708904066,0.683420823362385,0.687381664599765,0.737381265398295,0.787247089336415,0.720908955674501,0.704080952159109,0.721522156817642,0.81099461544375,0.847964994985449,0.824050977702627,0.799780223120848,0.803318359886981,0.824420560925376,0.915244228372432,0.974086648681553,0.856352294277184,0.948532368374536,0.956751205743486,0.891500645081299,28614,2918.00006389618,1972.000035882,1458.99999463558,21602.998986125,3814.99984097481,2680.00006377697,1295.99999046326,34681.9999608994,2152.99995028973,35429.9988859892,10471.99997437,36.0044081353774,112.628989498844,29.608785555159,14.9714874448917,122.561819829661,47.2080911674725,33.0353396875613,11.9695235289364,38.4136988917442,29.3423758774837,40.6340168230949,68.75143980809,39.2971583453229,24.0644860937108,31.3428045323858,29.1511963657693,31.9266832877642,29.369021532879,27.8353193060134,23.4165450969432,59.5721202074641,27.3153951387315,23.7008723914661,24.3604468088914,0.382737576285963,0.655172413793103,0.296703296703297,0.219512195121951,0.877629063097514,0.636363636363636,0.416666666666667,0.442622950819672,0.382254836557705,0.39344262295082,0.932337434094903,0.832285115303983,757.1875,5.70454545454545,28.1590909090909,28.7698863636364,29.0653409090909,28.2073863636364,31.4346590909091,31.3068181818182,755.065340909091,33.0965909090909,31.6193181818182,30.6221590909091,-67455.25,8482.36363636368,2895.72727272725,1906.71590909093,75729.3522727277,10799.465909091,6494.64772727276,7401.04545454551,-27938.6477272727,5788.47727272724,301569.295454544,58347.3977272722,263.8125,51.2954545454545,38.8409090909091,23.2301136363636,1223.93465909091,157.792613636364,67.5653409090909,74.6931818181818,432.934659090909,69.9034090909091,3029.38068181818,491.377840909091,-102.299621212121,21.8154545454547,11.8815182279649,7.95142511177349,254.249146723419,37.8720360190352,20.1026079898363,21.6471695482433,-46.5125770899955,18.0952329902801,673.729098107771,138.522071678321,-43.6875,22.2954545454545,9.84090909090909,6.23011363636364,182.934659090909,29.7926136363636,16.5653409090909,20.1931818181818,-24.0653409090909,14.9034090909091,475.380681818182,106.377840909091,1021,57,67,52,1253,186,99,106,1188,103,3061,522,302,2,24,26,25,20,27,28,352,28,30,28,0,0,0,0,0,0,0,0,0,0,0,0,0,0,0,0,0,0,0,0,0,0,0,0,0
"429",12153,6076,116.75,47.5,49,40,65.75,67.25,63.5,67.75,101,57.5,80,69.5,120.75,13,8,8,7,9,9.5,9,9.5,13.5,8.5,10,9,13,8,8,7,9,9.5,9,9.5,13.5,8.5,10,9,12,7.5,7.5,7,9,9,8.5,9,10.5,8.5,9.5,9,0.895711346097619,0.863848119570678,0.903024986482403,0.824884151300695,0.85690069121029,0.877368081791958,0.949126167254154,0.922141655906567,0.892181325172612,0.941430793509862,0.93241330540723,0.927580604635818,0.851637389620483,0.902164172698105,0.908117156243979,0.84279377863729,0.898637642118554,0.933565335527461,0.940412927231174,0.948754406556975,0.719723933638994,0.930924638794274,0.941740667158101,0.985848813948667,15565.0000972152,1346.99993997812,1297.00002735853,1178,28296.9994137287,3929.00021779537,1167.00001525879,1101.99998235703,14150.9997587204,1301.00000202656,46739.9998855591,7037.00000035763,35.4196638785405,62.7266317278234,16.4142987591986,13.5920332026114,59.2435905222842,25.8589839688565,9.12537698335432,6.42200392433085,13.9260654110281,13.3388089573657,21.8881553626901,17.8286246399817,34.73079116058,25.7215860261614,25.9531560751273,26.1672164063759,27.4120359901218,26.4189625262157,22.6477668696368,23.2215442292736,52.5498578855399,24.3890422933209,23.6741791618506,23.3798810783572,0.487001733102253,0.6875,0.326086956521739,0.238095238095238,0.892682926829268,0.721518987341772,0.417910447761194,0.450381679389313,0.221363316936051,0.421487603305785,0.917377049180328,0.806921675774135,772.075581395349,7.03197674418605,27.5087209302326,28.5,29.3633720930233,28.8139534883721,33.953488372093,33.1017441860465,774.31976744186,31.1337209302326,31.3139534883721,30.8779069767442,-48935.505813954,5005.55523255813,3121.28779069773,2088.5,105291.49127907,15686.8604651163,6471.4651162792,6577.85755813949,-12416.4476744187,5725.41279069763,307759.360465118,49469.9709302335,145.924418604651,49.968023255814,35.4912790697674,25.5,1318.63662790698,192.186046511628,65.046511627907,68.8982558139535,175.68023255814,59.8662790697674,3216.68604651163,530.122093023256,-104.992069618048,26.3101285189718,15.2055647840532,11.61875,389.575791405076,57.1265669577245,24.2197399743638,23.6657834892302,-31.4633317982963,23.5619312436804,941.601671511631,171.87748870671,-4.07558139534888,27.968023255814,14.4912790697674,10.5,284.636627906977,44.1860465116279,21.046511627907,20.8982558139535,0.180232558139551,21.3662790697674,630.186046511628,135.122093023256,918,57,63,54,1348,221,99,102,950,91,3248,561,226,2,23,25,27,24,30,31,405,28,37,30,0,0,0,0,0,0,0,0,0,0,0,0,0,0,0,0,0,0,0,0,0,0,0,0,5
"529",13447,6723,122,43,33.25,0,57.25,49.75,42.5,41,112,36.25,79.5,71,126,12.5,7.5,7,0,9,8,7.5,7,12.5,7.5,10,9.5,12.5,7.5,7,0,9,8,7.5,7,12.5,7.5,10,9.5,12,7,5.5,0,8,8,7,7,11.5,6,10,9.5,0.7917272943255,0.735606892065775,0.707545556501562,0,0.699809322021172,0.716317492096792,0.892442093583779,0.823629022298175,0.805958471265953,0.64265920512866,0.806158200838662,0.731035775377098,0.972515467349059,0.883372178444424,0.780701226420107,0,0.892584756765024,0.968517479199019,0.891042124559256,0.940606899301946,0.924677225201385,0.761361604553268,0.996263831214807,0.893423814352796,26856.0001801252,1648.00000548363,1178.99996948242,1012.99999809265,9187.00023257732,2112.00000095367,1417.99996268749,820.999994516373,31252.0000133514,1499.99998903275,17653.9997777939,4942.00041246414,45.9436123009229,120.811418098741,18.3536966021582,0,56.7966578409294,31.3859685600415,20.9310475660865,9.33213136756248,42.9375394288587,29.3504374392445,18.1684536530218,53.3216210311681,44.5900894079126,29.3207303370915,25.8203666475949,0,27.7880985642709,28.7615569570605,27.1270283106656,22.6823939262146,58.8339651747419,33.5692975320438,22.8597790891416,27.8910975990916,0.505503810330229,0.6,0.157894736842105,0,0.801217038539554,0.471074380165289,0.195652173913043,0.212765957446809,0.387144992526158,0.247311827956989,0.866891322662174,0.703971119133574,763.040697674419,6.63662790697674,27.8837209302326,28.9418604651163,29.6627906976744,28.6279069767442,33.1104651162791,32.4273255813954,768.218023255814,32.0523255813954,30.9244186046512,30.7354651162791,-33028.5116279073,3678.13953488374,1354.60465116278,780.302325581391,31421.9534883719,4618.53488372091,2324.32558139534,2524.62790697672,-12683.88372093,1896.62790697676,112814.093023255,23048.3255813955,170.959302325581,48.3633720930233,19.1162790697674,11.0581395348837,465.337209302326,65.3720930232558,22.8895348837209,26.5726744186046,263.781976744186,29.9476744186046,1173.07558139535,304.264534883721,-67.9013534121241,22.2703488372093,8.687707641196,0,128.878694018482,22.9248568423512,11.7071819425444,13.2007231990925,-29.3474875415278,12.1407778668805,341.352310955095,76.4546757287917,14.9593023255813,22.8633720930233,8.11627906976744,0,87.3372093023256,21.3720930232558,10.8895348837209,12.0726744186046,11.7819767441861,10.9476744186046,214.075581395349,58.2645348837209,934,55,47,40,495,94,56,59,1032,62,1204,335,231,0,24,24,27,22,26,30,356,23,36,30,0,0,0,0,0,0,0,0,0,0,0,0,0,0,0,0,0,0,0,0,0,0,0,0,5
"420",1078,538,147.5,93.5,49.75,0,113,86,72.75,87.5,155,66.5,114.75,106.75,157.75,13.5,11,8.5,0,12,11,10,10.5,14,9.5,12,11.5,13.5,11,8.5,0,12,11,10,10.5,14,9.5,12,11.5,13,10.5,7.5,0,12,10,9.5,10.5,14,9,12,11.5,0.81007846015549,0.776136696181209,0.816554905929352,0,0.892001365344388,0.955805770669635,0.837694817864856,0.88821876358473,0.82535508481992,0.868705391950276,0.891642086292349,0.737260091659613,0.929708478107203,0.898514986840446,0.897653099527632,0,0.989732559606701,0.91602084636734,0.93331222031122,0.977540610371097,0.973654226399722,0.932064629510401,0.990464255954391,0.905073133032367,25808.9998788834,1645.99996912479,1347.99999892712,1093.000002563,11939.9997262955,2317.00008040667,1454.00000095367,837,44368.0002474785,1340.00000405312,19786.999976635,5003.99995040894,28.0836500302874,82.4225702727933,20.613712432549,0,57.89905398514,26.9396932147144,13.3567558004268,5.39837699007625,24.3950708910592,15.4283851940503,21.5644201647442,44.241485689877,37.000166466531,20.8139835660245,21.7164588725239,0,24.3553742115784,26.7122925913541,23.0402752485401,20.9454745249401,61.5293656547096,28.1442124597027,20.5147458257134,23.7021614248187,0.357627118644068,0.591836734693878,0.173333333333333,0,0.815461346633416,0.4,0.204081632653061,0.278350515463918,0.344176968119714,0.234042553191489,0.893103448275862,0.691119691119691,772.965277777778,6.02777777777778,28.1284722222222,29.2361111111111,29.3159722222222,28.8020833333333,33.2118055555556,32.28125,778.447916666667,32.9305555555556,31.3506944444444,30.9548611111111,-68471.0902777788,6946.47222222233,2241.9340277778,1237.0138888889,49820.6215277786,7139.88541666676,4047.3506944444,4769.53125,-24599.6354166669,3610.8194444444,191988.711805558,35813.4826388894,220.034722222222,44.9722222222222,17.8715277777778,9.76388888888889,376.684027777778,62.1979166666667,32.7881944444444,31.71875,387.552083333333,28.0694444444444,1169.64930555556,286.045138888889,-116.334769303203,17.9428104575165,7.86650265214967,0,109.026948131761,21.0525678294575,13.3689504581901,13.3730357142857,-39.7608198924734,12.6935045948203,413.960852396518,82.8132887717937,-81.9652777777778,18.9722222222222,7.87152777777778,0,88.6840277777778,20.1979166666667,12.7881944444444,12.71875,-25.4479166666666,12.0694444444444,391.649305555556,81.0451388888889,993,51,46,39,406,91,66,64,1166,61,1201,317,299,2,25,25,27,19,28,29,434,27,33,29,0,0,0,0,0,0,0,0,0,0,0,0,0,0,0,0,0,0,0,0,0,0,0,0,5
"440",10517,5258,105,34.5,29.25,0,78,64,45.5,56.75,110.25,37.75,75.25,80,112.75,12.5,7.5,6.5,0,10,9.5,8,8.5,12.5,7.5,10,10,12.5,7.5,6.5,0,10,9.5,8,8.5,12.5,7.5,10,10,11,5.5,5.5,0,9.5,8.5,7,8,11,6,9,10,0.841452999347818,0.788046445068162,0.83670375950227,0,0.915996284926372,0.861146957470383,0.880770110558412,0.915025623129161,0.876110221144256,0.848642910331128,0.858325400537314,0.852529545088783,0.883613435196342,0.705519390453623,0.868765057747514,0,0.886931873511916,0.808023142880891,0.917892913431312,0.938361979189699,0.881916392088157,0.811148685301458,0.880968617925595,0.901800901540035,23278,1957.99994176626,1063.99999046326,816.000013589859,6741.00001472235,1857.00002503395,1367.00004315376,687.999997138977,26033.0001635551,1170.00002765656,11116.9991760254,1981.0000077486,33.6558457938621,98.1077421646098,10.1878025612561,0,12.2176371676155,17.6379732951302,20.5866895721608,5.81318406389779,21.1125963755936,16.0712649715685,6.49569889361165,7.53803730073789,47.8899348379391,31.8684780767628,23.5956089682247,0,21.9079260832208,24.4255995258179,27.9809329018398,20.050873477805,55.6258427726908,26.9754643627944,19.67893644425,19.997384826761,0.564853556485356,0.608695652173913,0.168831168831169,0,0.802955665024631,0.503759398496241,0.213483146067416,0.239130434782609,0.396941005098325,0.212765957446809,0.791633780584057,0.644787644787645,772.40625,5.17329545454545,27.7471590909091,28.9289772727273,29.3806818181818,27.8295454545455,31.9772727272727,31.2102272727273,775.678977272727,33.2897727272727,31.2357954545455,30.5284090909091,-23152.21875,2704.84374999999,1716.03125000002,1108.03125000001,53944.3124999997,7645.8750000001,2598.25000000003,3141.18749999996,-5991.21874999998,2549.31250000003,132983.65625,21886.6875000001,193.59375,34.8267045454545,20.2528409090909,13.0710227272727,568.619318181818,79.1704545454545,26.0227272727273,26.7897727272727,235.321022727273,24.7102272727273,1164.76420454545,207.471590909091,-55.7752976190476,18.9281538208168,10.7314733877234,0,165.394959207459,27.3813920454547,11.737012987013,11.7721515818982,-13.7243287466501,12.9353928356412,412.272510193296,64.577840909091,14.59375,18.8267045454545,10.2528409090909,0,110.619318181818,20.1704545454545,11.5227272727273,9.78977272727273,9.32102272727275,13.7102272727273,300.764204545455,46.4715909090909,966,40,48,42,598,107,58,58,1011,58,1196,238,226,0,25,25,30,25,25,29,320,29,40,32,0,0,0,0,0,0,0,0,0,0,0,0,0,0,0,0,0,0,0,0,0,0,0,0,5
"4429",12180,6089,169,102.25,79.75,54,122.75,114.5,101.5,109.25,175.75,98,147,138.5,182,16,14.5,13.5,13,15.5,15,14,14.5,17,14,16.5,16,16,14.5,13.5,13,15.5,15,14,14.5,17,14,16.5,16,13.5,8.5,7,5.5,10,9.5,9,9.5,13,9,11,11,0.560469794512177,0.429556733258709,0.340340493367532,0.280410193989123,0.344430726913947,0.346045534778607,0.445277922573582,0.396776999860695,0.646316957019932,0.392838532887108,0.412398878391159,0.434622570320773,0.804070068675332,0.565538603737715,0.480902755623128,0.355377442686022,0.603960427053289,0.593294397444409,0.60465978219016,0.626683084714423,0.723920313207502,0.574568653009327,0.666644368818872,0.647176027964757,39394.9994907379,3279.00006777048,2141.00007039309,1620.00001949072,30495.0000305176,4944.99966746569,2957.00003874302,1851.99999696016,37070.9999198914,1975.00008964539,56428.9991436005,9877.99992465973,48.9149861630985,120.925311319044,31.281550986394,14.9444623033398,92.4417519108473,32.6352729357543,28.2673855211551,11.4921478775623,23.625670373563,16.4314164293355,33.7486046351583,25.9316900640207,45.881667334378,26.8463053875914,31.0324356229171,28.0593096288692,29.1888786901527,27.0253910442379,26.9205383468124,24.5825608000826,56.8604521193503,24.8346641795218,23.2716819800782,21.8476247525822,0.434138737334373,0.730769230769231,0.317073170731707,0.179487179487179,0.892729439809297,0.624242424242424,0.327272727272727,0.363636363636364,0.333333333333333,0.30188679245283,0.925013390465988,0.808080808080808,769.127450980392,5.83333333333333,27.6764705882353,28.7769607843137,29.5024509803922,28.3725490196078,32.9191176470588,31.9950980392157,767.122549019608,32.7426470588235,32.0563725490196,31.0612745098039,-66781.7843137252,7851.33333333342,3910.52941176475,2580.37254901958,122434.215686275,17461.7843137253,8078.88235294126,8745.56862745107,-24399.2156862747,7439.35294117652,379138.960784311,70224.3921568626,536.872549019608,43.1666666666667,28.3235294117647,19.2230392156863,890.497549019608,124.627450980392,48.0808823529412,46.0049019607843,447.877450980392,40.2573529411765,1974.94362745098,357.938725490196,-98.8863267200367,18.4258353708232,11.2576986907616,9.54248366013069,245.768424783356,37.8654422467675,19.4158577223994,19.5838493292054,-34.6986514378158,18.3058223289317,640.382402961181,125.77627061655,-68.6274509803922,17.1666666666667,10.3235294117647,9.22303921568627,145.497549019608,26.6274509803922,18.0808823529412,17.0049019607843,-22.1225490196078,16.2573529411765,537.44362745098,108.938725490196,1306,49,56,48,920,153,81,78,1215,73,2007,389,268,-5,22,25,29,22,29,29,463,29,36,30,0,0,0,0,0,0,0,0,0,0,0,0,0,0,0,0,0,0,0,0,0,0,0,0,0
"459",8836,4417,113,47.75,34,0,68.5,51,43.5,46.75,107.25,44.5,85.5,70.25,116.75,12,8,6.5,0,9,8,7.5,7.5,12,7.5,10.5,9.5,12,8,6.5,0,9,8,7.5,7.5,12,7.5,10.5,9.5,12,7.5,6,0,9,8,7,7,11,7.5,10,9,0.852776023427228,0.918272480607041,0.844081894144966,0,0.818494270157798,0.84676205610004,0.91703301621708,0.885593225950716,0.817372911582453,0.85271846533367,0.878915563695186,0.809067919575928,0.886610728582387,0.920386717165599,0.935166612725248,0,0.914614714840241,0.920559110270471,0.926759687735016,0.951163484073692,0.893061746646658,0.97424334091178,0.951964106028368,0.936747691067349,19806.0000100136,1362.00007045269,1093.99997329712,823.999980390072,7374.9999178648,1849.9999204874,1033.99997735023,639.999987006187,27365.9999694824,1262.99995672703,12385.0000114441,4457.00001716614,33.7355361472383,111.65311096857,19.062283021768,0,46.8461307433661,21.0525480598846,11.2426019627938,7.47199255520956,35.5184389219322,24.4720025142737,18.3014540097333,42.7336687320914,38.1923892777703,28.187141183402,25.474893623485,0,26.3875359537298,27.190045810661,23.1059576735565,21.7177237668496,56.4276199671759,28.6651579900317,21.9596339376004,25.4670632182618,0.476793248945148,0.672727272727273,0.168831168831169,0,0.777777777777778,0.39047619047619,0.204301075268817,0.242105263157895,0.341642228739003,0.234042553191489,0.861579414374445,0.711475409836066,762.529761904762,6.22619047619048,28.0535714285714,29.077380952381,29.2946428571429,28.5892857142857,32.7232142857143,32.0446428571429,767.46130952381,32.9821428571429,31.1339285714286,30.8809523809524,-42596.3988095241,4404.36904761903,1482.98214285716,812.863095238092,33097.4017857144,4612.8035714286,2686.25892857144,3172.15178571432,-14111.431547619,2538.33928571431,131066.455357142,25250.595238095,135.470238095238,64.7738095238095,17.9464285714286,9.92261904761905,357.705357142857,51.4107142857143,26.2767857142857,30.9553571428571,211.53869047619,27.0178571428571,1057.86607142857,316.119047619048,-94.7111778339661,24.1141236599352,9.07142857142858,0,115.690758602712,22.90581232493,13.2308087027915,14.7949293353706,-33.5102605727604,13.006621187801,373.307591896405,85.7062362311467,15.9702380952381,25.7738095238095,8.94642857142857,0,90.7053571428571,24.4107142857143,12.2767857142857,13.9553571428571,9.53869047619048,13.0178571428571,247.366071428571,71.1190476190476,898,71,46,39,387,80,59,63,979,60,1089,347,242,0,24,26,30,20,27,29,410,25,40,31,0,0,0,0,0,0,0,0,0,0,0,0,0,0,0,0,0,0,0,0,0,0,0,0,5
"464",6172,3085,152,67,58.5,0,105.25,71.5,61,74,153.5,58.75,103.5,107.25,157.5,14,9,9,0,11.5,10,9,9.5,14,8.5,11,12,14,9,9,0,11.5,10,9,9.5,14,8.5,11,12,13.5,9,8.5,0,11.5,9.5,8.5,9.5,12.5,8.5,11,11,0.884746658648081,0.854059066987602,0.915377611233956,0,0.793127841363949,0.818433829572382,0.866966145265122,0.928213592986753,0.928938553717383,0.820099774338841,0.878718447569226,0.733906926230582,0.923724504293409,0.980094725326077,0.940173061564587,0,0.968853204384353,0.929986904613452,0.944818241446333,0.94235210220914,0.896471945864384,0.905285332869141,0.964252687156157,0.902952435624107,35424.9995236397,2295,1395.00003755093,1220.00001049042,5079.00001704693,2511.00001221895,1305.99997872114,640.000009179115,33865.999673605,1324.99996900558,8610,4274.9997112751,39.8407147898635,76.0977503263179,16.9735747340627,0,21.3804800759046,24.0636206174296,11.1009594457342,3.46683086148739,16.987516215442,7.52010511583714,6.12362076616266,23.9575506739687,41.968537029292,25.8821100248346,24.7850209628443,0,21.3495498971935,28.144169074771,22.4559058109003,17.7458802749623,47.3869976875809,22.5190731552631,16.8617858712654,21.840664863132,0.545757071547421,0.622641509433962,0.126760563380282,0,0.6957928802589,0.353535353535354,0.152941176470588,0.170731707317073,0.396423248882265,0.136363636363636,0.728691476590636,0.665399239543726,763.674479166667,5.328125,27.9661458333333,28.9713541666667,29.3072916666667,28.2135416666667,31.5338541666667,31.1432291666667,766.924479166667,34.2994791666667,31.6640625,30.9322916666667,-53084.9218749994,5925.28125,1924.32812500002,1070.046875,39852.4062500003,5811.46874999995,3201.67187500003,3617.76562500004,-23159.4218750003,2977.32812500003,146714.640625,29467.6562499997,265.325520833333,45.671875,15.0338541666667,9.02864583333333,337.692708333333,46.7864583333333,19.4661458333333,17.8567708333333,218.075520833333,16.7005208333333,772.3359375,240.067708333333,-87.7435581140342,22.8659048507463,7.21334134615387,0,89.9824945566115,19.3389058857808,10.8513917349727,10.6878519144145,-37.9635671145498,10.1771165780142,330.666855374396,65.4290136946382,14.3255208333334,24.671875,7.03385416666667,0,76.6927083333333,19.7864583333333,10.4661458333333,10.8567708333333,11.0755208333334,10.7005208333333,293.3359375,55.0677083333333,1029,51,43,38,367,75,51,49,985,51,804,271,218,-1,24,26,30,20,26,29,342,30,44,31,0,0,0,0,0,0,0,0,0,0,0,0,0,0,0,0,0,0,0,0,0,0,0,0,5
"443",1212,605,169.25,73,67.5,58.25,93.25,89.75,83.75,84.5,155.75,71.75,112.5,102.5,171.5,14.5,9.5,9,8.5,11,11.5,11.5,10.5,14.5,10,12.5,11.5,14.5,9.5,9,8.5,11,11.5,11.5,10.5,14.5,10,12.5,11.5,14,9.5,9,8,10.5,10,9.5,10,13.5,9,11,11,0.909214235587141,0.926958051377382,0.908209054434185,0.868170711527806,0.808533141267941,0.856033754228438,0.847613753752759,0.927531051855888,0.924957704725021,0.918634591302284,0.872585152267506,0.818118200404837,0.926786689073707,0.98929746516532,0.961782685193902,0.893260683376453,0.914246612922082,0.872420931606165,0.811287542545485,0.922581905206304,0.950661060589474,0.905374697744173,0.90965279115308,0.96367028066526,34326.9997472167,1755,1253.00001502037,1168,11052.0004105568,2181.99993360043,1721,910.999978542328,46415.0007030964,2097,17240.9995126724,5974.99955439568,39.3018307276369,65.2555784545709,13.2991951668632,14.7120962853927,25.3773397678171,13.5439421691418,13.1515583346642,8.93455469890882,48.0487683002925,23.5320855242583,11.148159495455,32.2829085659526,37.6862059366997,24.4504271892058,20.9710285012172,20.9675110719943,21.1532158346685,20.8113070996265,20.2397102685918,19.8125737897767,53.9180943587336,22.7232158102561,18.7842575717339,21.2244047679494,0.54468802698145,0.639344262295082,0.261904761904762,0.179487179487179,0.849889624724062,0.642458100558659,0.339285714285714,0.373913043478261,0.433823529411765,0.333333333333333,0.891221374045801,0.767220902612827,777.166666666667,6.203125,27.3776041666667,28.2578125,28.8567708333333,28.3802083333333,33.21875,32.6744791666667,779.278645833333,30.65625,30.3177083333333,30.3489583333333,-72004.333333334,8123.65625,4222.96354166666,2572.140625,126180.255208335,18341.1770833335,7182.9375,7280.30729166658,-28348.1510416665,6345.8125,333351.052083337,64399.6145833326,216.833333333333,46.796875,27.6223958333333,18.7421875,885.143229166667,124.619791666667,45.78125,49.3255208333333,254.721354166667,42.34375,2012.68229166667,437.651041666667,-106.45322501231,28.7420804794521,14.4075810185186,10.0941188304721,325.156633992406,49.8147777390901,19.4737873134328,20.4142782297829,-46.5563344368645,20.8106489547038,718.680069444447,151.69494410569,17.8333333333334,31.796875,13.6223958333333,9.7421875,249.143229166667,44.6197916666667,16.78125,17.3255208333333,16.7213541666666,20.34375,495.682291666667,127.651041666667,994,53,55,47,914,153,79,82,1034,73,2043,468,209,-2,23,24,31,22,24,28,313,22,44,32,0,0,0,0,0,0,0,0,0,0,0,0,0,0,0,0,0,0,0,0,0,0,0,0,5
"494",6068,3033,122,52.25,38.75,0,68,54.25,43.75,50.75,112,45.5,90.75,85.5,125.75,12.5,8,7.5,0,10,9,8,8.5,12.5,8,11,10.5,12.5,8,7.5,0,10,9,8,8.5,12.5,8,11,10.5,12.5,8,6.5,0,8.5,7.5,7,7.5,11.5,7,10.5,10.5,0.700144616037799,0.785292241236097,0.629927906528529,0,0.542297245286763,0.592116917824327,0.677315600890668,0.708357915044249,0.717642225238741,0.669883426645134,0.691103270994029,0.827454665523447,0.877766692276389,0.852125037340692,0.759784322252286,0,0.798423944680293,0.800909698136454,0.804081514087144,0.826565708607058,0.903245027635077,0.817252939720272,0.906580103720509,0.952541178105172,22156.9994282722,1668,1056.00000047684,986.00000333786,8834,2303.00003236532,1340.99998748302,680.000002264977,20531.9998207092,1156.99996352196,18438,3425.00029110909,50.8383041054385,113.615287185418,19.0689510247472,0,70.2652269148634,26.7873861605243,17.0849702256386,6.4787297883379,22.1073104446093,12.7371889861926,20.705104321639,23.4872118913613,41.7557051134704,26.0286573920482,27.9711318333707,0,30.0717298262046,29.2528924144666,24.2314183256457,21.916527704829,51.9098281302974,25.4851572205772,22.6927534447498,22.3486710836803,0.437086092715232,0.6,0.162162162162162,0,0.79020979020979,0.423423423423423,0.191011235955056,0.208791208791209,0.256611865618299,0.186813186813187,0.853943524829601,0.672268907563025,763.817365269461,5.5625,28.1130952380952,28.8690476190476,29.3125,28.1428571428571,32.1458333333333,31.8363095238095,767.83630952381,33.2470238095238,31,30.6517857142857,-40923.1347305387,4742.0625,1442.11309523811,920.869047619056,32857.8125,4806.14285714287,2749.64583333331,3006.33630952378,-16696.6636904761,2305.74702380951,128854,23223.1517857142,139.182634730539,40.4375,16.8869047619048,11.1309523809524,416.6875,56.8571428571429,21.8541666666667,26.1636904761905,156.16369047619,25.7529761904762,1034,198.348214285714,-84.0222833022476,22.5331937799043,7.88045314900156,0,115.080882352941,21.405529953917,12.1113095238095,13.222803776683,-38.1086309523808,11.8408882783883,345.96694214876,66.0061090225561,8.68263473053889,23.4375,7.88690476190476,0,90.6875,19.8571428571429,11.8541666666667,12.1636904761905,5.16369047619048,10.7529761904762,251,56.3482142857143,903,46,45,40,446,85,54,58,924,59,1065,229,274,1,24,26,26,22,29,29,438,29,39,31,0,0,0,0,0,0,0,0,0,0,0,0,0,0,0,0,0,0,0,0,0,0,0,0,5
"386",14230,7114,152.25,52.25,33.25,0,96,57.25,45,63.75,150.25,37.5,90.5,105.5,158.5,14,8.5,7,0,11.5,9,7.5,9.5,14,7.5,11,12,14,8.5,7,0,11.5,9,7.5,9.5,14,7.5,11,12,14,8,6.5,0,11,8.5,7,8.5,13.5,6.5,10,11,0.80675222989992,0.772900441093006,0.898080754618186,0,0.87642486885206,0.914376337351582,0.865753540949792,0.878140271454443,0.778588964684297,0.86669577423705,0.858444496038177,0.854895826851253,0.950431761015581,0.880999181729698,0.905783404174908,0,0.931471569252202,0.884103233856045,0.879159584184535,0.891007501881265,0.934022162905391,0.844790203161556,0.896289146877118,0.91020280224648,23223.9998841286,1622,1188.99997657537,1265,3557.99981498718,1767.00005656481,1314.99999177456,706.000032603741,29461.0005075932,1238.99999547005,6861.00011825562,2784,19.6287587091799,59.7790385189609,12.437384618039,0,10.6267867585527,16.2868635099879,11.5707850232627,4.87324121338818,12.1132527065735,11.7194346410243,4.58717202974034,25.2599383564284,36.7666854926398,24.7517056148003,21.5805857050816,0,19.857069642866,24.0459449992677,22.4643346159947,18.9643663534323,43.7071937635342,21.5935706589431,17.4493046771912,21.0021124615731,0.542857142857143,0.607843137254902,0.123287671232877,0,0.726495726495726,0.378640776699029,0.126436781609195,0.195402298850575,0.395802098950525,0.146067415730337,0.748116254036599,0.646017699115044,763.393229166667,5.859375,28.1041666666667,29.171875,29.4036458333333,28.4114583333333,32.8645833333333,32.0026041666667,767.098958333333,33.2682291666667,31.2708333333333,31.015625,-40689.3072916661,4415.15625,1474.95833333332,924.03125,35604.0885416665,5093.13541666671,2394.85416666665,3025.34895833337,-13864.7395833332,2179.94270833334,121910.291666668,23187.09375,150.606770833333,37.140625,13.8958333333333,9.828125,330.596354166667,43.5885416666667,18.1354166666667,21.9973958333333,203.901041666667,19.7317708333333,877.729166666667,178.984375,-67.3094853243012,21.1214862440191,7.96350250626568,0,86.4609375000004,19.7981486535662,10.3854166666667,9.44837622549021,-23.9408884498056,10.8051041666666,301.814802025785,52.2402991706161,20.6067708333334,22.140625,7.89583333333333,0,60.5963541666667,16.5885416666667,10.1354166666667,7.99739583333334,22.9010416666666,10.7317708333333,237.729166666667,34.984375,914,43,42,39,360,72,51,54,971,53,909,210,175,0,24,25,29,17,25,28,278,26,50,32,0,0,0,0,0,0,0,0,0,0,0,0,0,0,0,0,0,0,0,0,0,0,0,0,5
"445",2005,1002,133.25,70.25,73.5,66,99.5,90.5,94.25,102.25,131,88.25,112.25,97.5,137.25,13.5,9.5,9.5,9,11,10.5,11,11.5,13.5,11,12,11,13.5,9.5,9.5,9,11,10.5,11,11.5,13.5,11,12,11,12.5,9,9,9,11,10.5,10.5,11.5,12.5,10.5,11,10.5,0.913840654948584,0.950706429423213,0.924550749623018,0.869471690191821,0.951138392972467,0.938303897144243,0.958655659508475,0.92636610740235,0.77274211416118,0.881485865805264,0.972094399912945,0.932464159493209,0.974013743020411,0.931040810696474,0.964153159918702,0.969115880018195,0.981178681702814,0.982620171367987,0.912559090389668,0.972140789319491,0.922937983922882,0.946918315456049,0.912321778890273,0.942708791016722,22934.9998033047,1828,1363.99996262789,1167.00003546476,30964.9984016418,4729.99955058098,1185.99998039007,1199.99994409084,28245.0000818968,1584,47427.9957408905,8471.99995279312,46.54958403576,63.8995240562688,13.1880946013067,12.4177359769389,43.0737762440783,21.6323894085145,9.80368379981197,5.79139021996871,28.6391892422511,13.1414807757985,16.5621745057246,15.5066191427697,36.2557744233194,23.9649298329135,22.6659530640264,24.3112041885084,23.3576424196425,22.7212205775911,19.5395532800267,19.5248334775785,55.7951214511347,21.8035251141042,20.2207759329107,20.7554273996919,0.499568593615186,0.742857142857143,0.360824742268041,0.264367816091954,0.884730538922156,0.714285714285714,0.415384615384615,0.473684210526316,0.292198581560284,0.439393939393939,0.902811523776466,0.808873720136519,774.744791666667,5.328125,27.6432291666667,28.8619791666667,29.5052083333333,28.1197916666667,32.8072916666667,31.7864583333333,777.921465968586,33.671875,31.6432291666667,30.8333333333333,-64704.8906249998,8576.859375,5749.86718749995,3692.77343750003,188590.640624998,27452.2343749997,10093.7968750001,11059.2343749999,-16416.8848167538,9424.140625,459449.867187496,77202.5000000005,155.255208333333,61.671875,41.3567708333333,31.1380208333333,1352.49479166667,199.880208333333,64.1927083333333,71.2135416666667,183.078534031414,66.328125,2977.35677083333,550.166666666667,-121.665992417135,29.9743661032028,18.4213966836734,13.1531723484849,463.738510259629,73.5652912062611,25.701992152962,26.2771113488181,-31.549328564006,25.3762836402266,1007.6485302988,192.402564102565,4.25520833333337,33.671875,19.3567708333333,13.1380208333333,375.494791666667,67.8802083333333,21.1927083333333,20.2135416666667,7.0785340314136,23.328125,737.356770833333,156.666666666667,930,67,69,60,1382,228,97,103,961,100,3009,581,249,1,25,26,38,26,29,30,412,32,62,35,0,0,0,0,0,0,0,0,0,0,0,0,0,0,0,0,0,0,0,0,0,0,0,0,5
"409",5102,2550,129.25,57.75,40,34.25,68.25,59.75,46.5,51.5,123.25,44.5,83,72,135.25,16,8.5,7.5,7,9.5,9,8,8.5,15.5,7.5,10.5,9.5,16,8.5,7.5,7,9.5,9,8,8.5,15.5,7.5,10.5,9.5,11,8.5,6.5,6,9,8.5,7.5,7.5,10.5,7.5,10,9.5,0.918817224308857,0.885375827441229,0.947155335291508,0.916946427791505,0.864745710581818,0.864119458498367,0.925188470281462,0.989713975672438,0.897872195877193,0.940247560271436,0.945945632583546,0.909638145835556,0.647260686999579,0.969804411126556,0.877657252860892,0.860154846277985,0.961798203109597,0.941373140680947,0.908553603848247,0.839437303965169,0.664531332080114,0.869764040598534,0.912474236904439,0.928924611894278,16433.0001468658,1665.00001037121,1374,1101.99997973442,20212.0000066757,3046.00001317263,1713.00009155273,1633.99999570847,29472.9998645782,1706.00009727478,37843.9989023209,5676.00078952312,19.392818763155,94.9786519213271,17.5332658619917,14.0421415256837,50.5811587528641,26.2635266162848,20.4310208058563,13.7760742443197,27.6327464522896,24.903668477555,32.2132647168493,29.5616126607282,44.8472796821413,24.6657489965347,27.7995843492978,26.7541110501522,27.5056005317351,27.0360503328041,27.5057822412432,26.8235843855295,61.5243136169043,28.4166631249556,25.5004058636183,25.3370208605803,0.296616837136113,0.660377358490566,0.295454545454545,0.185185185185185,0.912,0.670103092783505,0.40495867768595,0.426229508196721,0.331756357185098,0.372881355932203,0.957046979865772,0.822966507177033,773.190972222222,5.26736111111111,27.8125,28.8402777777778,29.4722222222222,28.1041666666667,32.2569444444444,31.6701388888889,774.677083333333,32.6944444444444,31.0902777777778,30.5416666666667,-35460.3159722221,4450.35763888885,2574.4375,1693.40972222221,78115.5277777784,11494.6458333334,4672.99305555559,4966.45486111116,-8103.30208333331,4043.30555555558,210761.159722221,35640.9583333336,307.809027777778,41.7326388888889,31.1875,21.1597222222222,1068.52777777778,145.895833333333,56.7430555555556,58.3298611111111,491.322916666667,50.3055555555556,2375.90972222222,382.458333333333,-68.5217265742529,17.6330717893217,14.45,10.2327149229521,282.769536019538,47.5987622036264,23.9204749103943,23.8832591693636,-16.2409778566599,22.7156679151062,630.027192101738,122.215277777778,-33.1909722222222,15.7326388888889,13.1875,9.15972222222222,193.527777777778,36.8958333333333,22.7430555555556,22.3298611111111,-19.6770833333334,20.3055555555556,329.909722222222,86.4583333333333,1081,47,59,50,1098,174,89,90,1266,83,2407,413,387,1,24,25,26,23,28,29,495,25,30,28,0,0,0,0,0,0,0,0,0,0,0,0,0,0,0,0,0,0,0,0,0,0,0,0,5
"456",8312,4155,92.5,43.75,34.25,0,56.25,47.5,53.5,56.75,105.25,43.75,84.25,60.75,108.75,11,8,7,0,9,8,9,8.5,12,8,10.5,9,11,8,7,0,9,8,9,8.5,12,8,10.5,9,10.5,7,6,0,8,7.5,8,8.5,11,7,10,8.5,0.801265531840556,0.74317851865784,0.750749648739247,0,0.85908363671835,0.770983646695066,0.857249258150874,0.765038578688946,0.817037698687444,0.691420421493128,0.753640874939483,0.677221508666876,0.908755047432799,0.945012857392026,0.842189439487548,0,0.941511253871333,0.86277848182033,0.947074872718601,0.957564296425857,0.948853569610085,0.895973236009878,0.977594236861683,0.923673591312633,17498.0003928542,1529.0000603199,1032.9999704361,848.999990463257,7076.00024747849,2000.9999332428,1234.00001621246,1077.00000107288,18825.9998238087,1356.99993610382,36727.0010643005,5361.00001132488,46.5713676144597,117.702543372073,18.3680066625391,0,103.324836146075,32.763687155102,14.0949330026523,8.46972704867151,26.5690183272097,16.6678829453404,25.5213324939658,48.1051231721487,43.7119441165314,30.3129096253432,28.7835333646793,0,30.3834541673239,32.0013228920126,24.9036265798027,24.6526191748076,60.6984620920954,27.1760644251989,24.8719545936275,27.1373147856784,0.518072289156627,0.645161290322581,0.135135135135135,0,0.803063457330416,0.443478260869565,0.351851851851852,0.367521367521368,0.329454545454545,0.339622641509434,0.919719016557953,0.732954545454545,762.326219512195,7.85365853658537,27.9817073170732,28.5426829268293,29.6158536585366,29.2713414634146,33.9756097560976,33.390243902439,766.993902439024,30.9817073170732,30.7134146341463,30.9024390243902,-33129.9054878045,4032.65853658535,1332.95731707317,994.932926829275,28849.1036585367,4016.96646341465,3986.60975609755,4512.24390243905,-9696.34756097556,3581.95731707321,189960.664634147,26398.4390243902,185.673780487805,50.1463414634146,16.0182926829268,12.4573170731707,411.384146341463,61.7286585365854,43.0243902439024,50.609756097561,178.006097560976,43.0182926829268,2085.28658536585,387.09756097561,-91.5883816743565,23.2320557491289,8.37595691650346,0,122.424146341464,21.497079589217,16.9402780943697,18.4511657891909,-23.2694368808295,19.3840069686412,554.532876167043,102.986449864499,10.6737804878048,25.1463414634146,8.01829268292683,0,96.3841463414634,19.7286585365854,16.0243902439024,14.609756097561,12.0060975609756,17.0182926829268,265.286585365854,76.0975609756098,948,58,44,41,441,91,77,84,945,74,2116,418,214,2,24,25,29,21,31,32,393,27,44,32,0,0,0,0,0,0,0,0,0,0,0,0,0,0,0,0,0,0,0,0,0,0,0,0,5
"470",5229,2614,121.75,48.75,48.25,42.25,72.25,68.5,63.25,69.5,117,49.75,100.25,78.75,130.75,16,9,9,8,9.5,10.5,10.5,10.5,13,9,12,11,16,9,9,8,9.5,10.5,10.5,10.5,13,9,12,11,10.5,7,7,6.5,9.5,8.5,7.5,8.5,12,7,10.5,9,0.815627550497767,0.836085562950399,0.753002965604802,0.735549061008696,0.659661982584901,0.66240672435187,0.656647796577264,0.768512190190048,0.833592599224846,0.777666674496873,0.724443473517901,0.744095791945911,0.649651966971389,0.758111434379867,0.781187570545704,0.77752359607894,0.771198574515206,0.765323073563638,0.699301746555225,0.816625527175596,0.750715825685456,0.757602175934876,0.85140221977737,0.830288822886322,17372.0000011921,1644.99998116493,1229.00002813339,1207.00002682209,22084.0012145042,3454.99997508526,1751.00000429153,1276.99996399879,26099.9998166561,1650.99996161461,33448.0001752377,4625.00020056963,29.8589866021268,67.5126396354989,13.7617367891894,11.811618098825,63.4511059878519,26.0969713477091,19.3042258078468,9.27107570095654,29.0533123481704,23.4626700155998,27.2462010900412,19.6342057515929,39.6522257563162,27.5870679755151,26.0918766924545,27.07660961801,28.070440032494,27.227229320636,24.468178776445,23.3351756991234,58.1346982560947,26.4517406924569,23.5296206143759,23.0632149738201,0.453795379537954,0.672131147540984,0.234567901234568,0.173333333333333,0.84863523573201,0.604790419161677,0.295238095238095,0.333333333333333,0.305397727272727,0.320388349514563,0.903890160183066,0.759162303664921,773.816860465116,6.67441860465116,27.6017441860465,28.4912790697674,28.9883720930233,28.3459302325581,33.5029069767442,32.8633720930233,775.651162790698,30.4709302325581,30.3401162790698,30.5145348837209,-37957.2180232553,4581.2790697675,2297.28779069771,1503.06104651164,72877.081395349,10725.0784883723,4354.97965116276,4594.45639534888,-10642.558139535,3964.70348837207,203530.119186043,34679.8982558143,136.183139534884,47.3255813953488,23.3982558139535,18.5087209302326,749.011627906977,117.654069767442,36.4970930232558,40.1366279069767,194.348837209302,39.5290697674419,1741.65988372093,347.485465116279,-78.6916037916039,23.1409660107335,10.9837480419328,8.24244874088347,241.496056972721,37.5701281616027,15.5129032999356,15.5682825832357,-22.8263764659116,17.9411300689494,499.764621875538,105.863242894057,4.18313953488371,22.3255813953488,9.39825581395349,7.50872093023256,162.011627906977,27.1540697674419,14.4970930232558,13.1366279069767,4.34883720930236,16.5290697674419,291.65988372093,79.4854651162791,910,54,51,47,778,146,70,73,970,70,1772,378,279,3,23,26,28,24,31,31,402,24,31,28,0,0,0,0,0,0,0,0,0,0,0,0,0,0,0,0,0,0,0,0,0,0,0,0,5
"473",17064,8531,127.75,62,48,0,71.5,59.5,55.75,65,123,54.75,94,83.25,136.75,12.5,9,8,0,10,9,8.5,9.5,13,8,11,10.5,12.5,9,8,0,10,9,8.5,9.5,13,8,11,10.5,12.5,8,7,0,8.5,8.5,8,9,12,8,10.5,9.5,0.895638403972515,0.646678807201923,0.728302758047486,0,0.76383873478417,0.745986897266334,0.768246975234044,0.787917996883081,0.901818845219433,0.696789682145795,0.794626886688525,0.743765031933663,0.928681271265802,0.894174776986017,0.871466481223229,0,0.852546132932723,0.86351393160583,0.86346578688801,0.936503566606611,0.961887522863814,0.914609441602515,0.946576924048521,0.89031071140371,21962.9996740818,2239.00001847744,1267.99999141693,1101.99999421835,10852.9991930723,2056,1434.00001955032,867.999998807907,26734.0001723766,1412.00001710653,16916.9997310638,4415.00021219254,43.5691997457329,125.806325125119,20.2796595776801,0,90.6675459463393,29.777028611042,17.0276982657013,8.58633281168492,36.0766513805331,23.0963878499491,23.5338991398557,41.9023783703357,35.7380730497824,27.4021457273212,25.8475721144287,0,29.270017335346,28.0174629997082,23.0121137655973,21.6039667649433,58.577373422711,25.9018308036578,22.6356666507639,24.1019230601573,0.452523524379812,0.692307692307692,0.184210526315789,0,0.803418803418803,0.443478260869565,0.239130434782609,0.284210526315789,0.288086642599278,0.224489795918367,0.879841897233202,0.712328767123288,763.791666666667,5.425,28.0111111111111,28.7277777777778,29.0638888888889,28.125,31.8222222222222,31.1083333333333,768.727777777778,33.5583333333333,31.275,30.5166666666667,-56451.0416666662,6479.52499999995,1963.92222222221,1043.90555555555,40686.052777778,5839.625,3488.24444444447,4108.74166666671,-20538.0944444446,3204.59166666665,160059.575000001,30519.3833333334,124.208333333333,62.575,17.9888888888889,11.2722222222222,474.936111111111,57.875,27.1777777777778,31.8916666666667,200.272222222222,29.4416666666667,1239.725,288.483333333333,-110.748613829092,25.7927419354838,8.96284722222221,0,135.922125097125,24.0556722689076,13.8997508719482,14.7955128205129,-42.7704607046072,13.5877853881278,415.275531914896,88.2701201201203,-14.7916666666666,27.575,8.98888888888889,0,87.9361111111111,21.375,13.1777777777778,13.8916666666667,-6.22777777777776,12.4416666666667,281.725,74.4833333333333,888,68,46,40,504,86,59,63,969,63,1271,319,282,1,23,25,28,21,28,28,431,29,39,30,0,0,0,0,0,0,0,0,0,0,0,0,0,0,0,0,0,0,0,0,0,0,0,0,5
"4459",11160,5579,337.5,128.25,0,0,181.5,138.5,124.5,111,344,103,187.25,147.25,346.75,22,14.5,0,0,15.5,15.5,15,13.5,21,14,16.5,14,22,14.5,0,0,15.5,15.5,15,13.5,21,14,16.5,14,20,11.5,0,0,15,12,11.5,10.5,21,9.5,14.5,13.5,0.672593513707615,0.606689185460015,0,0,0.755274091659426,0.664633495734631,0.678504327993685,0.816265145956374,0.743972035228666,0.688709589741935,0.755707177687571,0.641499143090341,0.886041747939939,0.719596569572911,0,0,0.814020121830157,0.738244290195982,0.680143653230352,0.761634372017342,0.884131149792987,0.638435157940541,0.800513123003779,0.784668599521598,45883,4458.00023180246,2738.99999761581,2389.00002384186,7597.99999773502,3475.99999547005,2449.00002026558,1320.00008898973,44539.999802351,2011.9999987483,7413.99989128113,8767.99938297272,11.3603650667312,77.8436997669571,0,0,16.3365614579688,12.1536012368811,6.54268707787671,2.44508045361441,5.23488451375005,4.66587864565694,3.86811238011837,27.7958375757046,29.0248231305071,20.5983384653836,0,0,16.2654410050215,20.000908306603,19.9017474846772,13.6799467787759,31.089667085595,18.4053541943169,13.2808530326545,19.8998268737435,0.505503810330229,0.676470588235294,0,0,0.631399317406143,0.297872340425532,0.152941176470588,0.168539325842697,0.436392914653784,0.129411764705882,0.731471535982814,0.644859813084112,757.59375,6.28541666666667,28.3708333333333,28.8520833333333,29.2729166666667,28.4854166666667,31.9541666666667,31.8625,755.556485355649,32.825,31.2916666666667,30.8145833333333,-93963.53125,13982.1270833328,3215.65416666662,2013.16041666659,77040.4645833321,10931.7270833335,5899.57083333342,6958.71249999984,-49119.8451882854,5136.72500000014,292143.458333331,63979.1729166671,347.40625,65.7145833333333,11.6291666666667,9.14791666666667,249.727083333333,40.5145833333333,19.0458333333333,22.1375,224.443514644351,18.175,827.708333333333,365.185416666667,-69.9981944444445,26.8705287524363,0,0,96.4639979338835,17.8647638387486,10.2104919678715,12.0001126126125,-35.7672411696027,9.63373786407775,353.387906097022,94.71343024901,22.40625,28.7145833333333,0,0,84.7270833333333,18.5145833333333,10.0458333333333,12.1375,19.4435146443515,9.175,289.708333333333,85.1854166666667,1105,72,40,38,279,69,51,54,980,51,859,396,246,0,24,24,27,22,29,30,280,29,41,31,0,0,0,0,0,0,0,0,0,0,0,0,0,0,0,0,0,0,0,0,0,0,0,0,0
"450",13945,6972,82.75,38.25,37.5,34,55.75,54.25,49,51,78.5,45.25,83,62.25,88.5,10.5,7.5,7,7,9,8.5,8.5,8.5,11,8,11,9,10.5,7.5,7,7,9,8.5,8.5,8.5,11,8,11,9,10,6.5,6.5,6,8,8,7.5,7.5,9,7.5,9.5,8.5,0.897355595298425,0.834736190216271,0.807589694434369,0.773312968558709,0.759491419373484,0.795356022990597,0.810605567911865,0.843059495943882,0.873069818703427,0.835396607762846,0.812856801606459,0.8512684495431,0.875547974121296,0.858740086135944,0.907226710904326,0.78367148645792,0.862076871419785,0.896761833595374,0.822783836193226,0.867154057491662,0.827478030281438,0.86712540980265,0.859990393440568,0.888359650861969,10041.0002274513,1172.99989557266,955.999997138977,751.000007390976,20876.9991559982,2647,738.999997973442,738.999994277954,11243.9999980927,883.000000596046,26540.0006408691,5006.99935889244,36.63467019628,108.79451103005,15.8733732928734,12.2485295770427,70.8571354251746,26.3370827090684,8.70404759599729,5.97371267777623,16.2756314832296,12.6973743132055,22.7277644685308,17.5613027173488,39.7511219624806,28.8279779426095,26.0548440625281,26.6505208619813,28.457560356026,27.0286484389759,22.8377424333561,23.6798727522004,58.9107447573178,25.2976174399954,24.4027446232786,24.3940388893299,0.47996589940324,0.666666666666667,0.27906976744186,0.189873417721519,0.874,0.648936170212766,0.315315315315315,0.36283185840708,0.233983286908078,0.345454545454545,0.925536992840095,0.786542923433875,772.576923076923,5.80769230769231,27.6089743589744,28.6025641025641,29.2916666666667,28.375,32.6538461538462,31.8878205128205,774.75641025641,32.3910256410256,31.1858974358974,30.7179487179487,-32058.2307692306,4072.07692307691,2507.4230769231,1701.69230769229,79346.7499999997,11165.25,4293.53846153848,4569.71153846157,-7768.76923076921,3796.57692307688,201384.192307691,33015.8461538461,138.423076923077,59.1923076923077,31.3910256410256,19.3974358974359,989.708333333333,134.625,42.3461538461538,46.1121794871795,157.24358974359,44.6089743589744,2118.8141025641,384.282051282051,-97.3835696026023,25.4341377576671,14.984358974359,10.7503770739065,344.425822122571,49.956797235023,20.0451334379906,20.9062971342384,-25.6990854156459,19.6531732540019,604.208680877353,128.912573370404,-3.57692307692309,27.1923076923077,15.3910256410256,11.3974358974359,251.708333333333,39.625,17.3461538461538,18.6121794871795,0.243589743589723,18.6089743589744,278.314102564103,93.2820512820513,911,65,59,48,1019,163,75,78,932,77,2150,415,219,2,24,26,32,25,32,31,493,30,56,34,0,0,0,0,0,0,0,0,0,0,0,0,0,0,0,0,0,0,0,0,0,0,0,0,5
"4452",14828,7413,365,205.5,207.75,162.5,266.75,199.5,278.25,267.5,387,265.25,357.5,207.5,394.5,26.5,22.5,22.5,21,24.5,22,24,24.5,26.5,24,26.5,21.5,26.5,22.5,22.5,21,24.5,22,24,24.5,26.5,24,26.5,21.5,18.5,12,13,11.5,15,12.5,16,15,20,15.5,18,13,0.574892643468681,0.556663597932641,0.510709290773701,0.530312646271703,0.504534992882152,0.514499671396281,0.552808298911914,0.560450258515547,0.507001698683495,0.562612006839441,0.557230113947764,0.586931138053672,0.636740347500439,0.466432869260651,0.509780937836161,0.456440587964519,0.539357987934323,0.485928809851624,0.595828582358658,0.565091248902544,0.682163636793657,0.576646876209812,0.643364890549891,0.539767761428847,36100.0004396439,3622.99987244606,3197.99994468689,2715.9999986887,31071.9999847412,5693.99988460541,2743.00010210276,1979.00005459785,62538.000005722,2106.99998569489,52117.0008010864,13030.00004673,8.47751500862958,25.6409745169014,9.88854006015948,9.86087260334024,8.44734867322473,6.36623298423497,4.61042954476504,2.71141250028855,6.81434320204609,4.44921485724237,3.95216521524259,4.96205638428588,25.286177649366,16.5862097918819,16.0506298611636,16.0948029677567,15.3353624174991,15.2967387953024,14.358280203135,13.9449905263811,36.6210527666926,14.4552512839492,13.793361432454,14.0883051133827,0.641791044776119,0.736842105263158,0.39047619047619,0.282608695652174,0.82903981264637,0.657657657657658,0.516339869281046,0.528662420382166,0.41391426563598,0.475862068965517,0.918134715025907,0.72234762979684,767.545454545455,4.96212121212121,27.6193181818182,28.4185606060606,29.2424242424242,27.8068181818182,31.3143939393939,30.5890151515152,766.404942965779,33.0075757575758,32.3958333333333,30.5189393939394,-184234.727272719,23890.7727272733,16956.7159090909,11327.5113636366,586480.454545446,88017.8409090884,33610.8863636379,35123.534090909,-42101.0000000022,29116.0454545452,1513073.37500004,268155.113636358,288.454545454545,65.0378787878788,51.3806818181818,34.5814393939394,1693.75757575758,275.193181818182,93.6856060606061,99.4109848484848,708.595057034221,83.9924242424242,4020.60416666667,836.481060606061,-126.907098381065,27.1181707586821,18.2338707471832,14.1322086247086,520.918775382687,97.3698735475046,29.0306195376959,31.2801437269892,-27.2098525265044,26.1460528946389,1049.66710372963,288.793108798826,-29.0454545454545,20.0378787878788,14.3806818181818,11.5814393939394,377.757575757576,73.1931818181818,21.6856060606061,23.4109848484848,12.0950570342205,19.9924242424242,701.104166666667,205.481060606061,1056,70,79,63,1723,303,125,130,1475,117,4053,867,163,0,24,25,40,27,29,28,354,30,56,34,0,0,0,0,0,0,0,0,0,0,0,0,0,0,0,0,0,0,0,0,0,0,0,0,0
"385",16598,8298,118.25,66.25,50.5,0,86.75,70.75,68,71.25,111.25,63,101.5,86.75,120,13,9.5,8,0,10.5,9.5,9,9.5,12,9.5,11.5,11,13,9.5,8,0,10.5,9.5,9,9.5,12,9.5,11.5,11,11.5,9,7.5,0,10,9,9,9.5,11.5,8.5,11,10,0.847105877567459,0.786585069136689,0.848780186442988,0,0.863719719587376,0.838109596273225,0.869184603197693,0.854906461433536,0.906479332963493,0.817939335664986,0.84307227648714,0.784934443468936,0.888165795260929,0.888371494310098,0.895282539598836,0,0.951564258352225,0.921678550022694,0.97507713706955,0.984545813380681,0.927246095732757,0.912509288686137,0.953271934929858,0.917707246962039,19499.0004258156,1979.00001591444,1110.99994945526,1076.00001204014,15358.0008368492,3078.00017094612,1232.99998319149,1009.99999076128,29713.9998441935,1782,25624,6183.0001064539,45.036005967102,90.8975006615188,20.4890299260256,0,77.002088400393,32.6817094610824,18.0718742495163,9.35328436412283,51.4690184101866,16.6667432228627,27.4337942406804,35.4733789396993,36.9793985242828,24.9633894328389,26.4595685704594,0,28.6166570821621,29.2142459642332,22.4758683994679,22.8208888821448,66.9985852948547,26.1562627758565,22.5124954015326,23.4071432967487,0.465716829919858,0.678571428571429,0.168831168831169,0,0.845857418111753,0.495934959349593,0.306930693069307,0.346153846153846,0.404494382022472,0.257142857142857,0.913262099308611,0.760233918128655,764.66875,5.05,28.1,28.7125,29.159375,27.928125,31.009375,30.8875,768.36875,33.640625,31.359375,30.4,-59759.9999999994,6344.99999999995,2107.00000000002,1334.99999999999,52419.4999999995,7313.49999999992,5103.50000000004,5466.00000000005,-20943.0000000001,4379.5,220899.5,38324.9999999996,107.33125,45.95,19.9,12.2875,549.840625,72.071875,37.990625,42.1125,521.63125,40.359375,1711.640625,324.6,-126.450991014798,23.6066037735848,9.34554455445548,0,148.437166786742,25.7997901943461,17.6266544117647,18.5756578947369,-47.4766151685395,16.656994047619,539.583974753695,108.470317002881,-38.66875,25.95,8.9,0,133.840625,24.071875,16.990625,19.1125,-17.36875,16.359375,453.640625,98.6,872,51,48,41,579,100,69,73,1290,74,1743,355,228,1,25,25,29,22,27,29,374,30,43,30,0,0,0,0,0,0,0,0,0,0,0,0,0,0,0,0,0,0,0,0,0,0,0,0,5
"395",16252,8125,130.25,73.75,64.5,0,85.5,76.5,70.25,77.75,125,67.5,110,98.5,135.5,13,10,9.5,0,10.5,10.5,9.5,10.5,12.5,9.5,12,11,13,10,9.5,0,10.5,10.5,9.5,10.5,12.5,9.5,12,11,12.5,9.5,8.5,0,10,9.5,9,9.5,12,8.5,11,11,0.913212853419716,0.719114609264877,0.804835612276795,0,0.733328332313375,0.797041680314573,0.630576021906887,0.672696503767577,0.911077746272343,0.691907525077399,0.641771859924627,0.854810705118359,0.933591568195031,0.908095751393451,0.940563423977348,0,0.941720127945438,0.901516566018138,0.817130984273394,0.893759110121327,0.955039670328474,0.873586795240445,0.895568803510414,0.929033633310359,23065.9999996424,2122.00018203259,1400.0000462532,1070.00000321865,16410.9992556572,2947,1664.00001096725,1215.00008273125,30836,1872.00000232458,39562.9999856949,7203.00000214577,52.9662961901068,128.140883384637,20.5794202890125,0,112.741210627421,32.8785052216962,16.6414786611671,10.9424579016218,48.3749098402687,23.0557047767016,30.3872520570909,62.4003511094483,35.6428742629169,26.0478555032848,26.7493384781166,0,30.7513136888443,28.9276383113962,24.1300001445341,22.9523988031854,59.3370548457752,25.7029314627505,23.0157161702178,24.3333536945365,0.41687552213868,0.692307692307692,0.162162162162162,0,0.814049586776859,0.43859649122807,0.327102803738318,0.364485981308411,0.28040786598689,0.274509803921569,0.912889935256033,0.788359788359788,763.841463414634,5.67073170731707,27.8384146341463,28.7835365853659,29.0365853658537,28.125,31.765243902439,31.1310975609756,768.189024390244,32.9451219512195,31.2530487804878,30.4969512195122,-65601.0731707313,7938.4634146342,2397.57926829267,1355.3231707317,49183.1707317075,7404.25,5338.23780487809,6187.94512195114,-27353.4512195124,4711.74390243907,245240.847560975,46433.6524390248,168.158536585366,66.3292682926829,18.1615853658537,11.2164634146341,520.963414634146,66.875,43.234756097561,52.8689024390244,428.810975609756,46.0548780487805,1978.74695121951,444.503048780488,-126.162000842656,26.7055394791237,8.5298024201172,0,139.577449721866,23.9730392156863,17.8290621473831,18.8528252686062,-55.3210243902444,16.962285456188,551.774223946783,116.025891420082,-64.8414634146342,28.3292682926829,8.16158536585366,0,130.463414634146,23.375,16.234756097561,16.8689024390244,-13.189024390244,16.0548780487805,406.246951219512,97.0030487804878,932,72,46,40,550,95,75,84,1197,79,2010,475,295,-1,24,25,28,22,29,28,417,28,38,30,0,0,0,0,0,0,0,0,0,0,0,0,0,0,0,0,0,0,0,0,0,0,0,0,5
"4427",11667,5833,246.25,95,0,0,111.75,91,61,66,230,56.5,115.75,117.75,249.25,18.5,11,0,0,12,11,10.5,10,17.5,9.5,12,12.5,18.5,11,0,0,12,11,13,10,17.5,9.5,12,12.5,17,11,0,0,11.5,10.5,8.5,8,16.5,7.5,11.5,12,0.958635550022725,0.91681495022987,0,0,0.715178378037674,0.775192773350702,0.85203916349831,0.723271171742054,0.951455651835,0.654598900534627,0.825706874310805,0.863089842564541,0.932942443429396,0.997078273185656,0,0,0.910886576486629,0.969384133635211,0.810691568871915,0.783782973179076,0.936561748624354,0.725365210839838,0.911913465365295,0.910768794990406,48680.9999523163,3760,2073.99996030331,1808.99998259544,7250.99974185228,3898.9999152422,2569,1507.99999952316,60649.9998948574,2599.99997997284,12502.998652935,10769.0006200075,26.3382614924602,114.481856373225,0,0,28.6526992580075,30.4534185608889,14.4775168617458,6.57305736035411,23.551301813222,24.6069589167589,12.3846783146753,88.7582877427048,38.9990906115898,27.0666803998229,0,0,22.2257872025755,29.8642084461213,27.6039325107419,20.9589917808545,46.8542392881225,29.2121882683648,17.9578889833001,27.0267312913683,0.503759398496241,0.642857142857143,0,0,0.720136518771331,0.368421052631579,0.176470588235294,0.166666666666667,0.438650306748466,0.170731707317073,0.778061224489796,0.685714285714286,768.519230769231,5.90625,27.4086538461538,28.6322115384615,28.8870192307692,28.1995192307692,32.625,31.5576923076923,766.314903846154,31.8822115384615,30.4230769230769,30.3100961538462,-77499.6730769249,8519.46875,2128.57211538464,972.685096153839,37406.6418269241,6240.07932692296,2447.875,2923.98076923073,-47118.9591346163,2246.4350961539,139020.192307695,42403.8341346159,259.480769230769,69.09375,13.5913461538462,8.36778846153846,275.112980769231,44.8004807692308,20.375,19.4423076923077,294.685096153846,21.1177884615385,744.576923076923,326.689903846154,-78.7994338149179,23.7911184210526,0,0,78.9630926260544,17.7510302197801,8.22745901639344,9.07488344988341,-51.7757734113721,8.78593005445887,278.354460873898,85.1548719990203,17.4807692307693,25.09375,0,0,61.1129807692308,17.8004807692308,7.375,8.44230769230769,14.6850961538462,8.61778846153846,252.576923076923,82.6899038461538,1028,75,41,37,304,73,53,51,1061,53,775,357,249,0,23,24,25,17,28,28,292,24,31,29,0,0,0,0,0,0,0,0,0,0,0,0,0,0,0,0,0,0,0,0,0,0,0,0,0
